51 47 54
50 33 68
52 2 99
49 24 77
53 33 68
48 35 66
54 5 96
47 23 79
55 36 66
46 37 64
56 13 89
45 31 71
57 26 76
44 5 97
58 26 75
43 40 61
51 55 69
59 6 96
42 11 90
60 12 89
51 30 46
41 9 93
61 17 85
40 35 66
62 18 84
39 18 84
63 12 89
38 49 53
64 33 68
37 28 74
65 18 83
36 29 72
66 10 91
35 37 65
67 20 82
34 43 59
68 21 80
33 42 60
69 32 70
32 23 78
70 28 74
31 11 91
71 3 98
30 3 99
72 15 86
29 29 72
73 9 92
28 25 76
74 1 101
27 20 82
38 21 48
38 54 69
43 62 73
75 3 99
46 65 77
26 29 73
76 20 81
25 23 79
48 67 81
77 19 82
50 69 70
24 28 73
78 15 87
23 9 92
79 14 87
43 6 39
22 18 83
80 2 100
21 25 77
51 70 72
81 24 77
20 19 83
82 10 92
46 23 36
19 21 80
48 15 34
50 9 32
53 69 77
83 16 86
55 13 35
18 16 86
84 2 100
55 67 70
17 27 74
85 21 80
16 10 92
86 22 79
15 8 94
34 5 42
87 15 86
14 27 75
34 60 99
50 71 87
88 8 94
53 11 32
13 23 78
51 10 29
89 8 94
12 24 77
33 4 41
6 6 6
5 6 6
6 5 5
6 7 7
7 6 6
4 6 6
5 5 5
5 7 7
6 4 4
6 8 8
7 5 5
7 7 7
8 6 6
3 6 6
4 5 5
4 7 7
5 4 4
5 8 8
6 3 3
6 9 9
7 4 4
7 8 8
8 5 5
8 7 7
9 6 6
2 6 6
3 5 5
3 7 7
4 4 4
4 8 8
5 3 3
5 9 9
6 2 2
6 10 10
7 3 3
7 9 9
8 4 4
8 8 8
9 5 5
9 7 7
10 6 6
1 6 6
2 5 5
2 7 7
3 4 4
3 8 8
4 3 3
4 9 9
5 2 2
5 10 10
6 1 1
6 11 11
7 2 2
7 10 10
8 3 3
8 9 9
9 4 4
9 8 8
10 5 5
10 7 7
11 6 6
1 5 5
1 7 7
2 4 4
2 8 8
3 3 3
3 9 9
4 2 2
4 10 10
5 1 1
5 11 11
7 1 1
7 11 11
8 2 2
8 10 10
9 3 3
9 9 9
10 4 4
10 8 8
11 5 5
11 7 7
1 4 4
1 8 8
2 3 3
2 9 9
3 2 2
3 10 10
4 1 1
4 11 11
8 1 1
8 11 11
9 2 2
9 10 10
10 3 3
10 9 9
11 4 4
11 8 8
1 3 3
1 9 9
2 2 2
25 21 29
24 4 46
26 14 35
23 5 44
27 16 33
22 19 30
28 23 27
21 1 48
29 14 36
20 7 43
30 15 34
19 2 47
31 3 47
18 5 45
25 13 20
32 7 43
17 18 31
25 30 37
33 6 43
16 15 35
34 3 47
15 2 47
35 6 43
14 10 40
36 8 42
28 18 22
13 14 36
37 9 41
28 28 41
12 8 41
38 10 40
11 14 35
39 12 38
22 31 34
22 1 18
27 34 34
28 3 17
10 12 38
40 1 48
9 4 45
27 1 15
41 13 36
8 4 46
27 35 49
22 35 49
26 36 36
25 11 12
42 9 41
7 18 31
43 3 47
25 38 41
26 5 13
6 2 47
44 5 45
5 6 44
45 9 40
26 37 38
17 32 49
30 35 49
17 3 17
25 4 10
26 39 40
4 4 45
46 6 44
29 9 13
29 37 46
3 6 44
47 13 36
2 7 42
48 4 45
1 14 35
30 14 14
49 17 32
7 32 46
7 2 17
-1
-1
-1
-1
-1
-1
-1
-1
-1
-1
-1
25 42 42
-1
16 1 14
-1
-1
-1
-1
-1
30 4 13
-1
-1
26 41 44
25 43 47
-1
39 16 62
38 13 65
40 9 69
37 6 71
41 38 40
36 37 40
42 36 42
35 34 44
43 33 45
34 27 50
44 21 57
33 1 77
45 30 48
32 29 48
46 31 46
31 7 71
47 6 72
30 4 73
41 32 37
48 3 75
29 17 61
41 41 45
36 41 56
49 6 72
28 12 65
50 6 72
27 4 74
51 11 67
36 29 36
42 25 35
26 6 72
52 13 64
25 8 69
53 15 62
24 20 57
54 7 70
23 15 63
55 17 61
22 3 74
56 8 69
21 6 71
42 43 74
57 10 68
41 46 51
20 15 63
58 2 75
19 4 73
59 20 58
18 7 70
60 2 76
17 22 55
35 5 33
35 45 45
61 16 62
41 14 31
16 12 65
62 22 55
35 46 55
43 1 32
15 19 59
43 46 65
36 10 28
41 52 64
46 47 48
63 6 71
14 14 64
64 7 70
13 22 56
45 14 29
65 10 67
45 49 67
46 27 30
32 49 58
12 2 76
34 51 57
66 10 68
11 4 74
67 1 76
46 49 68
10 11 67
68 3 74
9 14 64
32 22 28
69 4 73
34 9 26
42 1 24
8 17 60
70 13 64
7 23 55
71 2 76
46 14 26
6 14 64
35 56 71
72 26 51
5 13 64
36 57 58
73 2 75
4 20 57
74 21 57
36 59 70
17 1 33
16 2 32
18 2 32
15 3 31
19 3 31
14 4 30
20 4 30
13 5 29
21 5 29
12 6 28
22 6 28
11 7 27
23 7 27
10 8 26
24 8 26
9 9 25
25 9 25
8 10 24
26 10 24
7 11 23
27 11 23
6 12 22
28 12 22
5 13 21
29 13 21
4 14 20
30 14 20
3 15 19
31 15 19
2 16 18
32 16 18
1 17 17
33 17 17
1 16 16
1 18 19
2 13 15
2 19 20
3 12 14
3 20 21
4 11 13
4 21 22
5 9 12
5 22 24
6 8 11
6 23 23
7 9 10
7 24 24
8 9 9
8 25 25
9 5 8
9 26 26
10 6 7
10 27 31
11 2 6
11 28 30
12 5 5
12 29 33
22 1 5
13 2 4
13 30 30
22 29 33
14 1 3
14 31 32
15 2 2
23 2 6
15 32 32
16 1 1
20 1 3
20 31 33
21 1 4
16 33 33
18 1 1
21 30 33
23 28 30
24 4 7
24 27 31
19 1 2
18 33 33
19 32 33
25 7 8
25 26 27
26 8 9
26 25 27
27 10 10
27 24 25
28 10 11
28 23 25
29 10 12
29 22 23
30 12 13
30 21 23
31 12 14
31 20 20
32 14 15
32 19 19
33 15 16
33 18 19
1 15 15
6 24 28
7 25 25
