42 34 50
41 19 65
43 17 66
40 31 52
44 21 63
39 2 82
45 24 60
38 17 66
46 19 64
37 40 44
47 10 74
36 33 51
48 26 57
35 12 72
49 5 78
34 26 58
50 30 53
33 10 73
51 31 53
32 14 70
37 33 39
52 2 82
31 4 79
53 14 69
30 28 56
54 13 70
29 1 82
55 15 68
37 45 69
28 8 75
42 27 33
56 22 62
27 26 57
57 13 71
26 9 74
58 5 78
25 14 70
42 51 72
59 21 63
40 53 71
24 27 56
60 30 53
23 22 61
61 12 72
40 30 30
22 27 57
37 22 32
62 30 53
40 19 29
21 24 59
63 1 83
36 13 32
20 26 58
64 5 79
19 5 79
65 12 72
18 17 66
66 4 79
36 52 82
17 4 80
67 12 71
16 22 61
68 23 60
42 16 26
50 54 69
50 10 29
51 30 30
15 5 79
69 20 63
14 19 64
51 54 66
70 6 78
13 8 76
71 16 67
12 15 68
72 6 77
45 22 23
11 10 73
45 61 75
48 58 72
51 14 29
48 11 25
73 25 58
10 16 67
44 15 20
74 28 55
9 28 56
75 15 69
44 64 83
8 11 73
76 16 67
7 1 83
45 3 21
34 20 25
34 59 68
77 24 60
6 28 55
41 5 18
78 27 57
5 7 77
51 6 95
50 1 100
52 7 94
49 7 94
53 9 93
48 46 55
54 1 101
47 35 66
55 29 73
46 25 76
56 28 73
45 13 89
57 38 63
44 6 95
58 10 92
43 38 64
59 31 70
42 48 53
60 8 93
41 27 74
61 28 74
40 1 101
62 32 70
39 28 74
48 56 57
63 4 97
48 45 45
38 30 71
48 40 44
64 15 87
37 23 79
65 4 97
36 15 86
66 30 72
35 28 73
48 58 78
42 54 71
67 28 73
34 25 76
68 20 81
33 20 82
69 20 82
42 44 47
32 7 94
70 25 76
31 8 93
71 11 90
30 6 96
72 6 96
29 36 65
48 37 39
42 42 43
73 37 65
48 29 36
28 27 75
74 3 99
27 1 101
75 27 75
42 39 41
26 16 86
57 64 83
76 21 80
25 37 65
77 23 79
24 17 84
78 14 88
23 13 89
79 8 93
22 8 93
80 4 98
21 28 73
81 28 74
20 23 78
82 27 75
19 1 100
83 15 87
18 1 101
84 29 72
47 67 94
17 6 95
85 14 87
16 2 99
86 5 96
15 17 84
87 16 86
57 33 37
14 19 82
42 3 38
47 16 34
43 6 37
43 65 69
57 29 32
88 6 96
13 35 67
48 2 28
43 70 93
55 23 28
55 74 75
56 74 81
89 6 96
6 6 6
5 6 6
6 5 5
6 7 7
7 6 6
4 6 6
5 5 5
5 7 7
6 4 4
6 8 8
7 5 5
7 7 7
8 6 6
3 6 6
4 5 5
4 7 7
5 4 4
5 8 8
6 3 3
6 9 9
7 4 4
7 8 8
8 5 5
8 7 7
9 6 6
2 6 6
3 5 5
3 7 7
4 4 4
4 8 8
5 3 3
5 9 9
6 2 2
6 10 10
7 3 3
7 9 9
8 4 4
8 8 8
9 5 5
9 7 7
10 6 6
1 6 6
2 5 5
2 7 7
3 4 4
3 8 8
4 3 3
4 9 9
5 2 2
5 10 10
6 1 1
6 11 11
7 2 2
7 10 10
8 3 3
8 9 9
9 4 4
9 8 8
10 5 5
10 7 7
11 6 6
1 5 5
1 7 7
2 4 4
2 8 8
3 3 3
3 9 9
4 2 2
4 10 10
5 1 1
5 11 11
7 1 1
7 11 11
8 2 2
8 10 10
9 3 3
9 9 9
10 4 4
10 8 8
11 5 5
11 7 7
1 4 4
1 8 8
2 3 3
2 9 9
3 2 2
3 10 10
4 1 1
4 11 11
8 1 1
8 11 11
9 2 2
9 10 10
10 3 3
10 9 9
11 4 4
11 8 8
1 3 3
1 9 9
2 2 2
24 14 34
23 12 36
25 20 28
22 3 44
26 12 35
21 2 45
27 16 31
20 20 28
28 2 46
19 17 31
29 16 31
18 14 33
30 2 46
17 5 43
31 8 40
16 16 32
32 17 30
25 15 19
25 29 31
15 6 41
33 15 32
14 16 31
34 11 37
13 2 46
35 6 42
20 17 19
12 10 38
20 29 36
36 17 31
25 32 41
11 5 42
37 6 41
10 17 30
38 1 46
24 5 13
9 6 42
39 14 34
24 35 37
8 12 35
40 15 32
7 3 45
41 5 43
6 6 42
42 4 44
25 5 14
5 13 34
43 6 41
27 32 33
20 12 16
4 15 32
19 1 16
44 13 34
3 8 40
45 3 45
2 14 33
46 13 34
1 12 35
47 11 37
-1
-1
27 1 15
-1
-1
19 32 38
-1
-1
-1
32 31 47
-1
-1
-1
29 32 47
10 31 47
-1
-1
27 34 38
-1
-1
23 6 11
-1
-1
-1
-1
23 37 41
-1
-1
-1
-1
-1
-1
29 1 15
-1
-1
-1
-1
-1
-1
24 38 44
-1
-1
17 1 33
16 2 32
18 2 32
15 3 31
19 3 31
14 4 30
20 4 30
13 5 29
21 5 29
12 6 28
22 6 28
11 7 27
23 7 27
10 8 26
24 8 26
9 9 25
25 9 25
8 10 24
26 10 24
7 11 23
27 11 23
6 12 22
28 12 22
5 13 21
29 13 21
4 14 20
30 14 20
3 15 19
31 15 19
2 16 18
32 16 18
1 17 17
33 17 17
1 14 16
1 18 19
2 13 15
2 19 23
3 14 14
3 20 22
4 9 13
4 21 24
5 12 12
5 22 26
6 8 11
6 23 27
7 7 10
7 24 24
8 7 9
8 25 27
9 8 8
9 26 30
10 6 7
10 27 28
11 6 6
11 28 31
12 3 5
12 29 30
13 4 4
22 1 5
22 29 33
13 30 31
23 2 6
23 28 32
24 3 7
14 2 3
14 31 31
15 1 2
20 1 3
20 31 33
15 32 32
19 1 2
21 2 4
19 32 33
21 30 32
24 27 30
16 1 1
25 5 8
25 26 29
16 33 33
18 1 1
18 33 33
26 5 9
26 25 28
27 7 10
27 24 28
28 9 11
28 23 23
29 10 12
29 22 26
30 13 13
30 21 25
31 12 14
31 20 21
32 15 15
32 19 20
33 14 16
33 18 18
3 9 13
5 10 11
7 25 29
