251 248 254
250 16 486
252 41 461
249 137 364
253 157 344
248 227 275
254 119 382
247 38 464
255 118 384
246 245 257
256 67 435
245 99 402
257 49 452
244 181 321
258 63 439
243 6 496
259 56 446
242 59 442
260 52 449
241 3 498
261 143 359
240 155 346
262 194 308
239 115 386
263 67 435
238 225 277
264 11 491
237 224 278
265 197 305
236 23 479
266 115 386
235 70 432
267 165 336
234 156 346
268 83 418
233 72 430
269 132 370
232 202 300
251 217 247
270 126 376
231 72 429
271 52 450
251 255 307
230 121 380
272 109 393
229 36 465
273 3 498
228 41 461
274 222 279
227 182 319
275 43 458
226 114 387
276 87 415
246 216 244
225 105 396
277 30 472
224 210 291
278 116 386
223 2 499
279 33 469
222 138 363
280 117 384
246 258 301
221 53 449
281 149 352
220 61 440
282 1 501
219 30 471
283 139 362
218 236 265
284 156 346
217 211 290
285 164 337
216 6 495
286 209 293
215 22 479
287 169 332
214 212 290
288 62 439
213 17 484
289 143 358
212 105 396
290 131 371
211 106 396
291 91 410
210 112 389
292 12 490
209 178 324
293 104 397
208 141 361
294 86 415
248 209 226
207 7 494
295 65 437
206 171 330
296 33 469
205 2 499
297 48 453
204 63 439
298 141 360
203 160 341
299 95 407
248 276 320
202 74 428
251 169 216
300 187 315
201 222 279
301 22 479
200 24 477
302 161 341
199 39 463
303 43 458
198 142 359
304 46 456
197 149 353
305 110 392
196 158 344
306 37 465
195 36 465
307 11 490
194 177 325
308 122 379
193 130 372
309 60 441
192 63 438
310 177 324
191 92 409
311 65 437
238 173 224
190 155 347
312 82 419
189 11 490
313 125 376
188 60 442
238 278 357
314 102 400
187 123 379
315 183 319
246 215 215
186 146 355
237 161 223
316 39 463
185 189 312
317 111 390
184 84 417
237 279 352
246 154 214
318 118 383
248 208 208
183 133 368
319 129 372
182 53 448
320 132 370
181 135 366
321 113 389
180 194 307
322 62 440
248 115 207
179 8 493
323 163 339
218 266 296
178 90 411
324 174 328
218 208 235
177 26 475
325 11 491
274 280 351
176 148 353
326 70 432
274 149 221
175 44 458
327 39 463
174 3 499
328 109 392
173 150 352
246 302 377
329 73 429
251 308 317
172 81 421
330 200 302
171 129 373
331 86 416
170 2 500
332 9 492
251 318 378
169 114 387
333 203 298
168 158 343
334 195 306
167 88 414
335 197 304
166 57 445
336 54 447
224 292 299
165 43 459
337 80 422
164 7 495
338 7 494
224 163 209
163 76 425
232 143 201
339 148 354
232 301 320
162 100 401
340 6 495
161 17 485
341 63 439
160 206 296
342 12 489
159 143 358
343 155 347
158 140 361
344 105 396
157 33 469
345 26 476
262 95 193
156 23 478
346 105 396
262 309 338
265 131 196
155 69 432
347 183 319
154 24 478
348 123 378
153 56 446
349 66 435
265 306 402
152 62 439
248 321 422
350 180 322
151 14 487
351 171 331
217 291 385
150 132 370
352 147 354
149 86 415
353 148 353
217 128 210
148 41 460
354 160 342
224 300 343
147 72 430
355 176 325
146 83 418
356 104 397
145 78 423
357 34 467
144 3 498
358 183 318
143 20 482
214 152 211
359 2 500
142 79 423
360 121 380
141 125 377
361 134 367
140 64 438
214 291 386
362 72 429
139 13 489
363 9 493
218 132 207
138 60 442
244 102 180
364 94 407
137 83 418
365 47 454
244 322 339
136 42 459
286 136 208
366 28 474
135 21 481
367 36 466
286 294 388
201 280 320
134 16 485
368 31 470
133 14 487
369 146 355
132 91 411
370 161 341
131 116 385
218 297 360
201 198 221
371 114 388
251 106 168
232 321 324
130 53 448
372 172 329
238 66 172
227 320 436
129 181 321
373 160 341
128 2 500
374 18 483
127 4 498
375 85 417
232 325 443
126 122 379
376 3 498
125 156 346
377 149 352
124 24 478
378 68 434
227 138 181
123 130 371
244 340 420
379 9 492
122 144 357
380 106 396
253 345 393
121 181 321
381 98 403
253 44 156
120 169 332
262 339 417
382 164 338
119 44 457
383 14 487
267 337 414
246 135 153
267 76 164
118 19 483
384 151 350
117 85 417
385 36 465
116 31 470
386 46 456
201 151 197
115 29 472
387 49 453
114 9 492
388 178 323
237 56 160
113 77 425
389 33 468
112 78 423
390 37 465
111 42 459
391 99 403
110 142 359
392 145 357
109 29 473
240 347 368
393 89 413
108 74 428
394 77 424
107 129 373
240 142 154
395 91 410
106 90 411
234 124 155
396 174 328
105 109 393
397 12 489
104 8 494
398 145 357
103 170 332
399 53 449
234 347 351
300 82 186
300 316 361
102 7 494
400 3 499
101 53 449
209 97 177
401 36 466
100 7 494
209 325 333
224 69 162
402 105 396
99 15 487
403 98 403
98 10 491
404 4 498
237 353 481
249 365 445
97 81 421
405 65 437
249 43 136
96 48 453
406 155 347
234 352 476
287 333 391
95 140 362
407 77 424
94 105 396
408 33 468
261 134 142
93 34 467
409 158 343
261 360 472
92 12 490
410 41 460
287 61 168
201 321 441
91 1 500
411 109 393
224 344 450
238 358 364
90 62 439
285 338 481
412 11 490
89 160 341
413 65 436
88 142 360
240 86 141
414 25 476
87 99 403
415 164 337
246 91 134
86 23 478
285 52 163
416 44 458
274 352 365
85 84 417
417 120 381
84 99 403
206 331 344
418 116 385
83 133 369
419 151 350
209 334 462
82 21 481
206 53 170
420 10 492
81 88 414
274 33 148
421 118 383
80 161 340
422 66 435
79 57 445
238 365 433
180 308 401
185 313 381
423 31 470
232 85 142
78 66 436
424 56 446
77 70 431
251 379 421
180 14 193
261 72 133
185 35 188
240 369 462
284 81 155
425 7 494
284 347 447
333 299 423
76 1 501
426 66 435
330 93 199
75 28 473
427 2 499
74 94 407
330 303 364
428 11 490
73 58 443
429 39 463
72 6 496
333 139 202
194 138 176
430 62 440
194 326 458
281 353 484
71 155 347
246 378 448
431 157 345
281 86 148
70 148 354
432 103 398
310 325 429
315 50 182
315 320 422
69 122 380
433 15 487
68 39 463
434 5 496
310 105 176
254 383 430
67 6 496
435 31 471
66 50 451
436 33 468
160 22 205
65 21 481
437 130 372
64 47 455
438 79 423
63 45 457
439 52 449
62 47 455
440 26 476
61 114 388
441 108 394
265 50 130
60 144 357
254 16 118
160 297 311
442 113 388
214 96 151
227 82 137
59 61 440
335 305 492
203 342 500
443 59 442
334 307 465
255 36 117
58 64 437
444 136 365
57 63 438
445 69 432
56 43 458
255 385 406
269 88 131
269 371 468
446 137 364
274 366 397
55 125 376
206 345 416
447 29 473
335 48 196
54 138 363
448 54 447
334 26 194
53 122 379
449 14 488
52 60 441
450 71 430
51 134 368
451 50 452
50 44 458
203 123 159
452 110 391
248 14 114
49 154 348
453 46 456
222 364 368
302 139 160
48 109 392
454 134 367
302 342 484
47 55 447
455 53 448
46 45 456
456 33 468
45 132 370
218 361 498
457 18 484
44 6 496
458 147 355
196 2 157
43 59 443
160 312 491
222 89 137
459 102 400
42 33 469
460 117 385
41 38 464
461 103 398
283 363 364
40 87 414
462 23 478
39 109 393
463 74 428
234 68 123
38 139 363
464 119 383
37 98 404
465 128 373
253 394 440
270 86 125
283 4 138
36 32 470
347 2 182
270 377 421
283 365 483
466 42 460
347 320 501
35 86 416
467 47 454
289 359 495
34 8 494
468 106 396
33 93 408
251 72 105
469 83 418
32 2 500
222 369 416
470 121 381
31 105 397
471 103 398
289 56 142
30 4 497
239 387 466
472 157 344
29 104 398
473 99 402
28 25 476
196 345 445
474 103 398
27 2 499
475 58 444
26 36 465
358 319 499
239 49 114
476 141 360
25 102 400
477 9 492
24 51 451
478 64 438
201 14 150
23 110 392
230 381 486
324 1 173
266 387 484
479 58 443
286 129 135
324 329 423
22 35 467
480 118 384
208 8 140
21 137 364
230 21 120
481 65 436
20 98 404
482 108 394
350 14 179
19 73 428
483 9 492
18 118 383
190 5 154
484 11 490
190 348 498
17 89 413
485 48 453
16 20 482
266 72 114
486 26 475
15 29 473
487 156 345
14 90 412
218 52 131
488 15 486
13 37 465
489 125 377
12 94 408
208 362 420
490 122 380
323 8 162
11 5 496
491 115 386
197 116 148
10 19 483
197 354 470
492 49 453
244 86 101
323 340 488
298 361 429
9 66 436
298 10 140
217 48 127
493 118 384
8 73 428
494 136 365
245 403 492
7 121 380
495 156 346
6 61 440
496 147 354
5 61 441
497 94 408
4 113 388
498 21 481
3 109 393
499 26 475
2 22 480
500 78 423
286 121 128
1 20 482
501 1 500
-1
-1
-1
-1
245 4 98
358 1 182
-1
-1
-1
255 407 498
290 12 130
290 372 446
300 362 465
-1
198 360 409
-1
-1
-1
-1
-1
-1
-1
-1
226 388 458
-1
350 323 477
-1
-1
-1
-1
-1
168 344 495
-1
-1
-1
-1
-1
198 62 141
-1
-1
-1
355 326 488
-1
226 93 113
-1
278 49 115
-1
-1
278 387 438
280 385 408
-1
355 13 175
-1
-1
-1
-1
-1
-1
272 48 108
-1
-1
-1
-1
-1
-1
272 394 452
-1
280 90 116
-1
-1
-1
-1
-1
-1
-1
302 48 138
-1
246 62 90
-1
286 17 120
265 403 454
-1
-1
-1
-1
-1
262 87 94
186 356 476
-1
-1
351 1 170
-1
186 27 145
194 21 137
-1
-1
129 5 180
-1
-1
217 386 445
-1
-1
-1
-1
-1
-1
274 398 437
-1
-1
-1
225 397 478
-1
-1
-1
-1
-1
-1
-1
251 422 476
-1
-1
-1
214 387 454
168 26 157
225 18 104
-1
-1
-1
-1
244 49 85
-1
129 322 497
-1
-1
-1
176 354 500
286 389 491
351 332 488
176 23 147
-1
173 13 149
-1
-1
203 23 122
-1
248 423 428
-1
173 353 488
-1
-1
-1
-1
-1
-1
-1
-1
262 54 86
121 3 180
-1
-1
-1
-1
-1
-1
-1
-1
-1
-1
-1
-1
-1
240 35 85
-1
287 392 496
343 5 154
-1
-1
-1
244 421 501
-1
262 418 443
193 86 129
193 373 413
210 390 473
-1
-1
-1
210 6 111
267 415 489
-1
-1
-1
-1
-1
-1
251 67 71
-1
-1
-1
181 367 493
-1
-1
-1
-1
343 348 495
-1
-1
248 429 432
269 86 87
372 330 496
-1
-1
-1
-1
-1
-1
254 431 433
226 8 92
339 13 147
269 8 85
-1
-1
183 369 480
212 397 474
-1
268 419 498
-1
308 380 498
-1
-1
-1
-1
-1
-1
248 433 439
251 50 66
-1
211 13 105
270 65 85
-1
211 397 401
212 19 104
-1
-1
-1
-1
-1
-1
-1
-1
-1
354 1 159
232 9 84
-1
-1
-1
-1
-1
181 35 134
-1
-1
183 42 132
-1
-1
254 434 438
-1
268 67 82
-1
-1
280 409 444
-1
-1
-1
-1
308 121 121
308 63 120
313 377 434
-1
-1
-1
-1
293 398 417
354 343 492
-1
339 355 501
330 365 496
121 322 489
-1
-1
313 111 124
388 324 501
320 60 131
320 371 474
319 373 488
197 45 115
-1
-1
276 1 86
276 416 499
293 15 103
-1
256 28 66
-1
-1
-1
319 6 128
-1
-1
187 11 122
256 436 476
-1
-1
261 12 71
-1
-1
-1
270 422 489
-1
-1
16 16 16
15 16 16
16 15 15
16 17 17
17 16 16
14 16 16
15 15 15
15 17 17
16 14 14
16 18 18
17 15 15
17 17 17
18 16 16
13 16 16
14 15 15
14 17 17
15 14 14
15 18 18
16 13 13
16 19 19
17 14 14
17 18 18
18 15 15
18 17 17
19 16 16
12 16 16
13 15 15
13 17 17
14 14 14
14 18 18
15 13 13
15 19 19
16 12 12
16 20 20
17 13 13
17 19 19
18 14 14
18 18 18
19 15 15
19 17 17
20 16 16
11 16 16
12 15 15
12 17 17
13 14 14
13 18 18
14 13 13
14 19 19
15 12 12
15 20 20
16 11 11
16 21 21
17 12 12
17 20 20
18 13 13
18 19 19
19 14 14
19 18 18
20 15 15
20 17 17
21 16 16
10 16 16
11 15 15
11 17 17
12 14 14
12 18 18
13 13 13
13 19 19
14 12 12
14 20 20
15 11 11
15 21 21
16 10 10
16 22 22
17 11 11
17 21 21
18 12 12
18 20 20
19 13 13
19 19 19
20 14 14
20 18 18
21 15 15
21 17 17
22 16 16
9 16 16
10 15 15
10 17 17
11 14 14
11 18 18
12 13 13
12 19 19
13 12 12
13 20 20
14 11 11
14 21 21
15 10 10
15 22 22
16 9 9
16 23 23
17 10 10
17 22 22
18 11 11
18 21 21
19 12 12
19 20 20
20 13 13
20 19 19
21 14 14
21 18 18
22 15 15
22 17 17
23 16 16
8 16 16
9 15 15
9 17 17
10 14 14
10 18 18
11 13 13
11 19 19
12 12 12
12 20 20
13 11 11
13 21 21
14 10 10
14 22 22
15 9 9
15 23 23
16 8 8
16 24 24
17 9 9
17 23 23
18 10 10
18 22 22
19 11 11
19 21 21
20 12 12
20 20 20
21 13 13
21 19 19
22 14 14
22 18 18
23 15 15
23 17 17
24 16 16
7 16 16
8 15 15
8 17 17
9 14 14
9 18 18
10 13 13
10 19 19
11 12 12
11 20 20
12 11 11
12 21 21
13 10 10
13 22 22
14 9 9
14 23 23
15 8 8
15 24 24
16 7 7
16 25 25
17 8 8
17 24 24
18 9 9
18 23 23
19 10 10
19 22 22
20 11 11
20 21 21
21 12 12
21 20 20
22 13 13
22 19 19
23 14 14
23 18 18
24 15 15
24 17 17
25 16 16
6 16 16
7 15 15
7 17 17
8 14 14
8 18 18
9 13 13
9 19 19
10 12 12
10 20 20
11 11 11
11 21 21
12 10 10
12 22 22
13 9 9
13 23 23
14 8 8
14 24 24
15 7 7
15 25 25
16 6 6
16 26 26
17 7 7
17 25 25
18 8 8
18 24 24
19 9 9
19 23 23
20 10 10
20 22 22
21 11 11
21 21 21
22 12 12
22 20 20
23 13 13
23 19 19
24 14 14
24 18 18
25 15 15
25 17 17
26 16 16
5 16 16
6 15 15
6 17 17
7 14 14
7 18 18
8 13 13
8 19 19
9 12 12
9 20 20
10 11 11
10 21 21
11 10 10
11 22 22
12 9 9
12 23 23
13 8 8
13 24 24
14 7 7
14 25 25
15 6 6
15 26 26
16 5 5
16 27 27
17 6 6
17 26 26
18 7 7
18 25 25
19 8 8
19 24 24
20 9 9
20 23 23
21 10 10
21 22 22
22 11 11
22 21 21
23 12 12
23 20 20
24 13 13
24 19 19
25 14 14
25 18 18
26 15 15
26 17 17
27 16 16
4 16 16
5 15 15
5 17 17
6 14 14
6 18 18
7 13 13
7 19 19
8 12 12
8 20 20
9 11 11
9 21 21
10 10 10
10 22 22
11 9 9
11 23 23
12 8 8
12 24 24
13 7 7
13 25 25
14 6 6
14 26 26
15 5 5
15 27 27
16 4 4
16 28 28
17 5 5
17 27 27
18 6 6
18 26 26
19 7 7
19 25 25
20 8 8
20 24 24
21 9 9
21 23 23
22 10 10
22 22 22
23 11 11
23 21 21
24 12 12
24 20 20
25 13 13
25 19 19
26 14 14
26 18 18
27 15 15
27 17 17
28 16 16
3 16 16
4 15 15
4 17 17
5 14 14
5 18 18
6 13 13
6 19 19
7 12 12
7 20 20
8 11 11
8 21 21
9 10 10
9 22 22
10 9 9
10 23 23
11 8 8
11 24 24
12 7 7
12 25 25
13 6 6
13 26 26
14 5 5
14 27 27
15 4 4
15 28 28
16 3 3
16 29 29
17 4 4
17 28 28
18 5 5
18 27 27
19 6 6
19 26 26
20 7 7
20 25 25
21 8 8
21 24 24
22 9 9
22 23 23
23 10 10
23 22 22
24 11 11
24 21 21
25 12 12
25 20 20
26 13 13
26 19 19
27 14 14
27 18 18
28 15 15
28 17 17
29 16 16
2 16 16
3 15 15
3 17 17
4 14 14
4 18 18
5 13 13
5 19 19
6 12 12
6 20 20
7 11 11
7 21 21
8 10 10
8 22 22
9 9 9
9 23 23
10 8 8
10 24 24
11 7 7
11 25 25
12 6 6
12 26 26
13 5 5
13 27 27
14 4 4
14 28 28
15 3 3
15 29 29
16 2 2
16 30 30
17 3 3
17 29 29
18 4 4
18 28 28
19 5 5
19 27 27
20 6 6
20 26 26
21 7 7
21 25 25
22 8 8
22 24 24
23 9 9
23 23 23
24 10 10
24 22 22
25 11 11
25 21 21
26 12 12
26 20 20
27 13 13
27 19 19
28 14 14
28 18 18
29 15 15
29 17 17
30 16 16
1 16 16
2 15 15
2 17 17
3 14 14
3 18 18
4 13 13
4 19 19
5 12 12
5 20 20
6 11 11
6 21 21
7 10 10
7 22 22
8 9 9
8 23 23
9 8 8
9 24 24
10 7 7
10 25 25
11 6 6
11 26 26
12 5 5
12 27 27
13 4 4
13 28 28
14 3 3
14 29 29
15 2 2
15 30 30
16 1 1
16 31 31
17 2 2
17 30 30
18 3 3
18 29 29
19 4 4
19 28 28
20 5 5
20 27 27
21 6 6
21 26 26
22 7 7
22 25 25
23 8 8
23 24 24
24 9 9
24 23 23
25 10 10
25 22 22
26 11 11
26 21 21
27 12 12
27 20 20
28 13 13
28 19 19
29 14 14
29 18 18
30 15 15
30 17 17
31 16 16
1 15 15
1 17 17
2 14 14
2 18 18
3 13 13
3 19 19
4 12 12
4 20 20
5 11 11
5 21 21
6 10 10
6 22 22
7 9 9
7 23 23
8 8 8
8 24 24
9 7 7
9 25 25
10 6 6
10 26 26
11 5 5
11 27 27
12 4 4
12 28 28
13 3 3
13 29 29
14 2 2
14 30 30
15 1 1
15 31 31
17 1 1
17 31 31
18 2 2
18 30 30
19 3 3
19 29 29
20 4 4
20 28 28
21 5 5
21 27 27
22 6 6
22 26 26
23 7 7
23 25 25
24 8 8
24 24 24
25 9 9
25 23 23
26 10 10
26 22 22
27 11 11
27 21 21
28 12 12
28 20 20
29 13 13
29 19 19
30 14 14
30 18 18
31 15 15
31 17 17
1 14 14
1 18 18
2 13 13
2 19 19
3 12 12
3 20 20
4 11 11
4 21 21
5 10 10
5 22 22
6 9 9
6 23 23
7 8 8
7 24 24
8 7 7
8 25 25
9 6 6
9 26 26
10 5 5
10 27 27
11 4 4
11 28 28
12 3 3
12 29 29
13 2 2
13 30 30
14 1 1
14 31 31
18 1 1
18 31 31
19 2 2
19 30 30
20 3 3
20 29 29
21 4 4
21 28 28
22 5 5
22 27 27
23 6 6
23 26 26
24 7 7
24 25 25
25 8 8
25 24 24
26 9 9
26 23 23
27 10 10
27 22 22
28 11 11
28 21 21
29 12 12
29 20 20
30 13 13
30 19 19
31 14 14
31 18 18
1 13 13
1 19 19
2 12 12
2 20 20
3 11 11
3 21 21
4 10 10
4 22 22
5 9 9
5 23 23
6 8 8
6 24 24
7 7 7
7 25 25
8 6 6
8 26 26
9 5 5
9 27 27
10 4 4
10 28 28
11 3 3
11 29 29
12 2 2
12 30 30
13 1 1
13 31 31
19 1 1
19 31 31
20 2 2
20 30 30
21 3 3
21 29 29
22 4 4
22 28 28
23 5 5
23 27 27
24 6 6
24 26 26
25 7 7
25 25 25
26 8 8
26 24 24
27 9 9
27 23 23
28 10 10
28 22 22
29 11 11
29 21 21
30 12 12
30 20 20
31 13 13
31 19 19
1 12 12
1 20 20
2 11 11
2 21 21
3 10 10
3 22 22
4 9 9
4 23 23
5 8 8
5 24 24
6 7 7
6 25 25
7 6 6
7 26 26
8 5 5
8 27 27
9 4 4
9 28 28
10 3 3
10 29 29
11 2 2
11 30 30
12 1 1
12 31 31
20 1 1
20 31 31
21 2 2
21 30 30
22 3 3
22 29 29
23 4 4
23 28 28
24 5 5
24 27 27
25 6 6
25 26 26
26 7 7
26 25 25
27 8 8
27 24 24
28 9 9
28 23 23
29 10 10
29 22 22
30 11 11
30 21 21
31 12 12
31 20 20
1 11 11
1 21 21
2 10 10
2 22 22
3 9 9
3 23 23
4 8 8
4 24 24
5 7 7
5 25 25
6 6 6
6 26 26
7 5 5
7 27 27
8 4 4
8 28 28
9 3 3
9 29 29
10 2 2
10 30 30
11 1 1
11 31 31
21 1 1
21 31 31
22 2 2
22 30 30
23 3 3
23 29 29
24 4 4
24 28 28
25 5 5
25 27 27
26 6 6
26 26 26
27 7 7
27 25 25
28 8 8
28 24 24
29 9 9
29 23 23
30 10 10
30 22 22
31 11 11
31 21 21
1 10 10
1 22 22
2 9 9
2 23 23
3 8 8
3 24 24
4 7 7
4 25 25
5 6 6
5 26 26
6 5 5
6 27 27
7 4 4
7 28 28
8 3 3
8 29 29
9 2 2
9 30 30
10 1 1
10 31 31
22 1 1
22 31 31
23 2 2
23 30 30
24 3 3
24 29 29
25 4 4
25 28 28
26 5 5
26 27 27
27 6 6
27 26 26
28 7 7
28 25 25
29 8 8
29 24 24
30 9 9
30 23 23
31 10 10
31 22 22
1 9 9
1 23 23
2 8 8
2 24 24
3 7 7
3 25 25
4 6 6
4 26 26
5 5 5
5 27 27
6 4 4
6 28 28
7 3 3
7 29 29
8 2 2
8 30 30
9 1 1
9 31 31
23 1 1
23 31 31
24 2 2
24 30 30
25 3 3
25 29 29
26 4 4
26 28 28
27 5 5
27 27 27
28 6 6
28 26 26
29 7 7
29 25 25
30 8 8
30 24 24
31 9 9
31 23 23
1 8 8
1 24 24
2 7 7
2 25 25
3 6 6
3 26 26
4 5 5
4 27 27
5 4 4
5 28 28
6 3 3
6 29 29
7 2 2
7 30 30
8 1 1
8 31 31
24 1 1
24 31 31
25 2 2
25 30 30
26 3 3
26 29 29
27 4 4
27 28 28
28 5 5
28 27 27
29 6 6
29 26 26
30 7 7
30 25 25
31 8 8
31 24 24
1 7 7
1 25 25
2 6 6
2 26 26
3 5 5
3 27 27
4 4 4
4 28 28
5 3 3
5 29 29
6 2 2
6 30 30
7 1 1
7 31 31
25 1 1
25 31 31
26 2 2
26 30 30
27 3 3
27 29 29
28 4 4
28 28 28
29 5 5
29 27 27
30 6 6
30 26 26
31 7 7
31 25 25
1 6 6
1 26 26
2 5 5
2 27 27
3 4 4
3 28 28
4 3 3
4 29 29
5 2 2
5 30 30
6 1 1
6 31 31
26 1 1
26 31 31
27 2 2
27 30 30
28 3 3
28 29 29
29 4 4
29 28 28
30 5 5
30 27 27
31 6 6
31 26 26
1 5 5
1 27 27
2 4 4
2 28 28
3 3 3
3 29 29
4 2 2
4 30 30
5 1 1
5 31 31
27 1 1
27 31 31
28 2 2
28 30 30
29 3 3
29 29 29
30 4 4
30 28 28
31 5 5
31 27 27
1 4 4
1 28 28
2 3 3
2 29 29
3 2 2
3 30 30
4 1 1
4 31 31
28 1 1
28 31 31
29 2 2
29 30 30
30 3 3
30 29 29
31 4 4
31 28 28
1 3 3
1 29 29
2 2 2
2 30 30
3 1 1
3 31 31
29 1 1
29 31 31
30 2 2
30 30 30
31 3 3
31 29 29
1 2 2
1 30 30
2 1 1
2 31 31
30 1 1
30 31 31
31 2 2
31 30 30
1 1 1
1 31 31
31 1 1
31 31 31
-1
-1
-1
-1
-1
-1
-1
-1
-1
-1
-1
-1
-1
-1
-1
-1
-1
-1
-1
-1
-1
-1
-1
-1
-1
-1
-1
-1
-1
-1
-1
-1
-1
-1
-1
-1
-1
-1
-1
251 1 501
250 2 500
252 2 500
249 3 499
253 3 499
248 4 498
254 4 498
247 5 497
255 5 497
246 6 496
256 6 496
245 7 495
257 7 495
244 8 494
258 8 494
243 9 493
259 9 493
242 10 492
260 10 492
241 11 491
261 11 491
240 12 490
262 12 490
239 13 489
263 13 489
238 14 488
264 14 488
237 15 487
265 15 487
236 16 486
266 16 486
235 17 485
267 17 485
234 18 484
268 18 484
233 19 483
269 19 483
232 20 482
270 20 482
231 21 481
271 21 481
230 22 480
272 22 480
229 23 479
273 23 479
228 24 478
274 24 478
227 25 477
275 25 477
226 26 476
276 26 476
225 27 475
277 27 475
224 28 474
278 28 474
223 29 473
279 29 473
222 30 472
280 30 472
221 31 471
281 31 471
220 32 470
282 32 470
219 33 469
283 33 469
218 34 468
284 34 468
217 35 467
285 35 467
216 36 466
286 36 466
215 37 465
287 37 465
214 38 464
288 38 464
213 39 463
289 39 463
212 40 462
290 40 462
211 41 461
291 41 461
210 42 460
292 42 460
209 43 459
293 43 459
208 44 458
294 44 458
207 45 457
295 45 457
206 46 456
296 46 456
205 47 455
297 47 455
204 48 454
298 48 454
203 49 453
299 49 453
202 50 452
300 50 452
201 51 451
301 51 451
200 52 450
302 52 450
199 53 449
303 53 449
198 54 448
304 54 448
197 55 447
305 55 447
196 56 446
306 56 446
195 57 445
307 57 445
194 58 444
308 58 444
193 59 443
309 59 443
192 60 442
310 60 442
191 61 441
311 61 441
190 62 440
312 62 440
189 63 439
313 63 439
188 64 438
314 64 438
187 65 437
315 65 437
186 66 436
316 66 436
185 67 435
317 67 435
184 68 434
318 68 434
183 69 433
319 69 433
182 70 432
320 70 432
181 71 431
321 71 431
180 72 430
322 72 430
179 73 429
323 73 429
178 74 428
324 74 428
177 75 427
325 75 427
176 76 426
326 76 426
175 77 425
327 77 425
174 78 424
328 78 424
173 79 423
329 79 423
172 80 422
330 80 422
171 81 421
331 81 421
170 82 420
332 82 420
169 83 419
333 83 419
168 84 418
334 84 418
167 85 417
335 85 417
166 86 416
336 86 416
165 87 415
337 87 415
164 88 414
338 88 414
163 89 413
339 89 413
162 90 412
340 90 412
161 91 411
341 91 411
160 92 410
342 92 410
159 93 409
343 93 409
158 94 408
344 94 408
157 95 407
345 95 407
156 96 406
346 96 406
155 97 405
347 97 405
154 98 404
348 98 404
153 99 403
349 99 403
152 100 402
350 100 402
151 101 401
351 101 401
150 102 400
352 102 400
149 103 399
353 103 399
148 104 398
354 104 398
147 105 397
355 105 397
146 106 396
356 106 396
145 107 395
357 107 395
144 108 394
358 108 394
143 109 393
359 109 393
142 110 392
360 110 392
141 111 391
361 111 391
140 112 390
362 112 390
139 113 389
363 113 389
138 114 388
364 114 388
137 115 387
365 115 387
136 116 386
366 116 386
135 117 385
367 117 385
134 118 384
368 118 384
133 119 383
369 119 383
132 120 382
370 120 382
131 121 381
371 121 381
130 122 380
372 122 380
129 123 379
373 123 379
128 124 378
374 124 378
127 125 377
375 125 377
126 126 376
376 126 376
125 127 375
377 127 375
124 128 374
378 128 374
123 129 373
379 129 373
122 130 372
380 130 372
121 131 371
381 131 371
120 132 370
382 132 370
119 133 369
383 133 369
118 134 368
384 134 368
117 135 367
385 135 367
116 136 366
386 136 366
115 137 365
387 137 365
114 138 364
388 138 364
113 139 363
389 139 363
112 140 362
390 140 362
111 141 361
391 141 361
110 142 360
392 142 360
109 143 359
393 143 359
108 144 358
394 144 358
107 145 357
395 145 357
106 146 356
396 146 356
105 147 355
397 147 355
104 148 354
398 148 354
103 149 353
399 149 353
102 150 352
400 150 352
101 151 351
401 151 351
100 152 350
402 152 350
99 153 349
403 153 349
98 154 348
404 154 348
97 155 347
405 155 347
96 156 346
406 156 346
95 157 345
407 157 345
94 158 344
408 158 344
93 159 343
409 159 343
92 160 342
410 160 342
91 161 341
411 161 341
90 162 340
412 162 340
89 163 339
413 163 339
88 164 338
414 164 338
87 165 337
415 165 337
86 166 336
416 166 336
85 167 335
417 167 335
84 168 334
418 168 334
83 169 333
419 169 333
82 170 332
420 170 332
81 171 331
421 171 331
80 172 330
422 172 330
79 173 329
423 173 329
78 174 328
424 174 328
77 175 327
425 175 327
76 176 326
426 176 326
75 177 325
427 177 325
74 178 324
428 178 324
73 179 323
429 179 323
72 180 322
430 180 322
71 181 321
431 181 321
70 182 320
432 182 320
69 183 319
433 183 319
68 184 318
434 184 318
67 185 317
435 185 317
66 186 316
436 186 316
65 187 315
437 187 315
64 188 314
438 188 314
63 189 313
439 189 313
62 190 312
440 190 312
61 191 311
441 191 311
60 192 310
442 192 310
59 193 309
443 193 309
58 194 308
444 194 308
57 195 307
445 195 307
56 196 306
446 196 306
55 197 305
447 197 305
54 198 304
448 198 304
53 199 303
449 199 303
52 200 302
450 200 302
51 201 301
451 201 301
50 202 300
452 202 300
49 203 299
453 203 299
48 204 298
454 204 298
47 205 297
455 205 297
46 206 296
456 206 296
45 207 295
457 207 295
44 208 294
458 208 294
43 209 293
459 209 293
42 210 292
460 210 292
41 211 291
461 211 291
40 212 290
462 212 290
39 213 289
463 213 289
38 214 288
464 214 288
37 215 287
465 215 287
36 216 286
466 216 286
35 217 285
467 217 285
34 218 284
468 218 284
33 219 283
469 219 283
32 220 282
470 220 282
31 221 281
471 221 281
30 222 280
472 222 280
29 223 279
473 223 279
28 224 278
474 224 278
27 225 277
475 225 277
26 226 276
476 226 276
25 227 275
477 227 275
24 228 274
478 228 274
23 229 273
479 229 273
22 230 272
480 230 272
21 231 271
481 231 271
20 232 270
482 232 270
19 233 269
483 233 269
18 234 268
484 234 268
17 235 267
485 235 267
16 236 266
486 236 266
15 237 265
487 237 265
14 238 264
488 238 264
13 239 263
489 239 263
12 240 262
490 240 262
11 241 261
491 241 261
10 242 260
492 242 260
9 243 259
493 243 259
8 244 258
494 244 258
7 245 257
495 245 257
6 246 256
496 246 256
5 247 255
497 247 255
4 248 254
498 248 254
3 249 253
499 249 253
2 250 252
500 250 252
1 251 251
501 251 251
1 249 250
1 252 255
2 246 249
2 253 254
3 247 248
3 254 256
4 246 247
4 255 257
5 243 246
5 256 258
6 245 245
6 257 258
7 244 244
7 258 258
8 240 243
8 259 259
9 238 242
9 260 262
10 241 241
10 261 265
11 237 240
11 262 263
12 237 239
12 263 263
13 235 238
13 264 267
14 236 237
14 265 269
15 236 236
15 266 269
16 233 235
16 267 271
17 233 234
17 268 270
18 233 233
18 269 273
19 231 232
19 270 274
20 228 231
20 271 275
21 229 230
21 272 275
22 228 229
22 273 274
23 224 228
23 274 275
24 226 227
24 275 278
25 223 226
25 276 279
26 223 225
26 277 281
27 224 224
27 278 279
28 219 223
28 279 279
29 218 222
29 280 282
30 217 221
30 281 283
31 220 220
31 282 285
32 218 219
32 283 286
33 218 218
33 284 287
34 217 217
34 285 287
35 214 216
35 286 289
36 212 215
36 287 287
37 210 214
37 288 292
38 212 213
38 289 292
39 209 212
39 290 290
40 208 211
40 291 294
41 207 210
41 292 294
42 207 209
42 293 293
43 205 208
43 294 296
44 205 207
44 295 298
45 205 206
45 296 300
46 205 205
46 297 301
47 202 204
47 298 301
48 199 203
48 299 299
49 201 202
49 300 304
50 197 201
50 301 302
51 197 200
51 302 304
52 198 199
52 303 305
53 194 198
53 304 304
54 195 197
54 305 307
55 194 196
55 306 306
56 195 195
56 307 309
57 190 194
57 308 311
58 193 193
58 309 311
59 190 192
59 310 312
60 189 191
60 311 314
61 189 190
61 312 314
62 185 189
62 313 314
63 186 188
63 314 318
64 186 187
64 315 319
65 183 186
65 316 318
66 183 185
66 317 320
67 180 184
67 318 321
68 183 183
68 319 322
69 182 182
69 320 324
70 179 181
70 321 323
71 176 180
71 322 325
72 179 179
72 323 326
73 177 178
73 324 324
74 174 177
74 325 325
75 172 176
75 326 326
76 175 175
76 327 330
77 174 174
77 328 328
78 169 173
78 329 331
79 168 172
79 330 332
80 168 171
80 331 333
81 166 170
81 332 332
82 168 169
82 333 333
83 167 168
83 334 337
84 163 167
84 335 336
85 163 166
85 336 339
86 164 165
86 337 341
87 163 164
87 338 341
88 163 163
88 339 343
89 162 162
89 340 343
90 157 161
90 341 345
91 160 160
91 342 344
92 157 159
92 343 343
93 156 158
93 344 347
94 157 157
94 345 346
95 156 156
95 346 349
96 155 155
96 347 348
97 150 154
97 348 349
98 151 153
98 349 351
99 150 152
99 350 351
100 148 151
100 351 351
101 149 150
101 352 353
102 148 149
102 353 356
103 144 148
103 354 355
104 143 147
104 355 359
105 145 146
105 356 357
106 144 145
106 357 361
107 141 144
107 358 358
108 139 143
108 359 359
109 138 142
109 360 361
110 140 141
110 361 362
111 140 140
111 362 365
112 136 139
112 363 364
113 138 138
113 364 364
114 134 137
114 365 369
115 133 136
115 366 369
116 134 135
116 367 371
117 134 134
117 368 370
118 129 133
118 369 373
119 131 132
119 370 374
120 130 131
120 371 375
121 128 130
121 372 374
122 126 129
122 373 373
123 126 128
123 374 377
124 127 127
124 375 378
125 122 126
125 376 379
126 125 125
126 377 378
127 123 124
127 378 378
128 121 123
128 379 382
129 122 122
129 380 382
130 119 121
130 381 381
131 119 120
131 382 382
132 115 119
132 383 384
133 115 118
133 384 385
134 117 117
134 385 386
135 116 116
135 386 387
136 115 115
136 387 389
137 114 114
137 388 392
138 109 113
138 389 392
139 108 112
139 390 391
140 108 111
140 391 391
141 109 110
141 392 392
142 107 109
142 393 397
143 108 108
143 394 395
144 104 107
144 395 395
145 102 106
145 396 398
146 103 105
146 397 397
147 101 104
147 398 400
148 102 103
148 399 402
149 99 102
149 400 403
150 97 101
150 401 401
151 98 100
151 402 403
152 95 99
152 403 405
153 98 98
153 404 404
154 95 97
154 405 406
155 95 96
155 406 407
156 93 95
156 407 409
157 93 94
157 408 409
158 92 93
158 409 411
159 90 92
159 410 411
160 87 91
160 411 414
161 89 90
161 412 414
162 86 89
162 413 414
163 87 88
163 414 415
164 83 87
164 415 416
165 84 86
165 416 416
166 82 85
166 417 421
167 83 84
167 418 422
168 80 83
168 419 423
169 78 82
169 420 421
170 81 81
170 421 421
171 78 80
171 422 426
172 75 79
172 423 423
173 78 78
173 424 424
174 75 77
174 425 425
175 72 76
175 426 430
176 72 75
176 427 427
177 71 74
177 428 432
178 72 73
178 429 433
179 70 72
179 430 432
180 69 71
180 431 435
181 68 70
181 432 432
182 69 69
182 433 433
183 64 68
183 434 438
184 66 67
184 435 438
185 66 66
185 436 440
186 65 65
186 437 441
187 61 64
187 438 442
188 62 63
188 439 440
189 61 62
189 440 444
190 60 61
190 441 443
191 60 60
191 442 446
192 57 59
192 443 446
193 55 58
193 444 444
194 53 57
194 445 446
195 54 56
195 446 447
196 53 55
196 447 448
197 53 54
197 448 451
198 49 53
198 449 449
199 50 52
199 450 450
200 51 51
200 451 455
201 49 50
201 452 452
202 49 49
202 453 453
203 47 48
203 454 455
204 46 47
204 455 459
205 44 46
205 456 460
206 43 45
206 457 461
207 41 44
207 458 462
208 41 43
208 459 463
209 40 42
209 460 461
210 41 41
210 461 465
211 38 40
211 462 466
212 36 39
212 463 463
213 36 38
213 464 468
214 35 37
214 465 466
215 35 36
215 466 468
216 33 35
216 467 470
217 30 34
217 468 470
218 33 33
218 469 471
219 31 32
219 470 471
220 29 31
220 471 471
221 30 30
221 472 476
222 29 29
222 473 473
223 28 28
223 474 476
224 23 27
224 475 477
225 25 26
225 476 477
226 21 25
226 477 477
227 23 24
227 478 480
228 22 23
228 479 479
229 21 22
229 480 483
230 19 21
230 481 483
231 19 20
231 482 486
232 17 19
232 483 485
233 14 18
233 484 486
234 17 17
234 485 487
235 16 16
235 486 488
236 13 15
236 487 489
237 11 14
237 488 490
238 10 13
238 489 492
239 12 12
239 490 494
240 10 11
240 491 494
241 7 10
241 492 492
242 6 9
242 493 494
243 4 8
243 494 498
244 6 7
244 495 497
245 3 6
245 496 496
246 4 5
246 497 498
247 4 4
256 1 5
247 498 498
248 2 3
255 1 4
248 499 501
255 498 501
251 82 419
250 82 419
252 84 417
249 84 418
253 82 419
248 84 417
254 84 418
247 83 419
255 83 418
246 84 418
256 84 418
245 84 417
257 82 419
244 83 419
258 83 419
243 84 417
259 83 418
242 83 419
260 83 419
241 84 418
261 83 419
240 82 419
262 82 419
239 84 418
263 84 418
238 83 419
264 83 419
237 83 418
265 83 418
236 84 418
266 83 418
235 83 419
267 84 417
234 82 419
268 82 419
233 83 418
269 82 419
232 84 418
270 84 417
231 84 418
271 82 419
230 84 418
272 83 419
229 84 417
273 82 419
228 83 418
274 83 418
227 83 419
275 83 418
226 84 417
276 84 418
225 83 418
277 82 419
224 84 417
278 84 417
223 83 418
279 84 418
222 83 419
280 84 418
221 84 417
281 82 419
220 83 419
282 83 419
219 83 418
283 84 417
218 82 419
284 82 419
217 84 418
285 84 417
216 82 419
286 84 417
215 84 418
287 83 418
214 83 419
288 84 418
213 83 419
289 84 417
212 83 419
290 83 419
211 82 419
291 84 418
210 82 419
292 84 418
209 83 418
293 84 418
208 84 418
294 84 417
207 82 419
295 84 417
206 84 418
296 82 419
205 82 419
297 83 418
204 83 418
298 83 419
203 82 419
299 83 418
202 83 418
300 84 417
201 82 419
301 83 419
200 84 417
302 84 418
199 84 417
303 82 419
198 82 419
304 84 417
197 84 418
305 83 419
196 83 419
306 83 419
195 84 418
307 82 419
194 82 419
308 83 419
193 83 419
309 83 419
192 83 419
310 83 418
191 84 417
311 83 418
190 83 418
312 84 418
189 84 418
313 84 418
188 84 417
314 84 417
187 84 417
315 83 418
186 84 417
316 83 418
185 84 418
317 83 419
184 84 417
318 83 419
183 83 418
319 82 419
182 82 419
320 84 417
181 82 419
321 83 418
180 83 419
322 84 417
179 82 419
323 84 417
178 82 419
324 83 418
177 83 419
325 82 419
176 82 419
326 83 419
175 83 419
327 84 418
174 84 418
328 82 419
173 84 417
329 84 418
172 82 419
330 84 417
171 82 419
331 83 418
170 82 419
332 83 418
169 84 417
333 82 419
168 84 417
334 82 419
167 82 419
335 82 419
166 82 419
336 83 419
165 82 419
337 84 417
164 82 419
338 83 419
163 84 417
339 84 417
162 84 417
340 84 417
161 84 418
341 84 418
160 84 417
342 83 418
159 84 417
343 84 418
158 84 418
344 84 417
157 83 419
345 83 419
156 83 418
346 82 419
155 83 418
347 83 418
154 84 418
348 83 418
153 83 419
349 84 418
152 84 418
350 83 418
151 83 419
351 83 418
150 83 419
352 83 418
149 83 418
353 83 418
148 83 418
354 83 418
147 82 419
355 82 419
146 83 418
356 83 418
145 84 417
357 83 418
144 82 419
358 84 417
143 84 418
359 83 419
142 83 418
360 82 419
141 83 419
361 83 418
140 83 419
362 84 417
139 82 419
363 82 419
138 83 418
364 82 419
137 83 418
365 84 417
136 83 418
366 83 418
135 83 418
367 84 417
134 84 418
368 84 417
133 82 419
369 83 419
132 82 419
370 84 417
131 82 419
371 82 419
130 83 418
372 83 418
129 83 419
373 82 419
128 83 418
374 82 419
127 82 419
375 83 418
126 83 419
376 83 418
125 82 419
377 83 419
124 82 419
378 84 417
123 82 419
379 84 418
122 82 419
380 82 419
121 83 419
381 83 419
120 84 418
382 84 417
119 83 419
383 84 417
118 83 418
384 82 419
117 83 419
385 82 419
116 82 419
386 84 417
115 83 419
387 82 419
114 83 418
388 83 419
113 83 419
389 84 418
112 83 419
390 82 419
111 83 419
391 83 419
110 84 418
392 82 419
109 82 419
393 83 418
108 82 419
394 83 419
107 83 419
395 84 418
106 82 419
396 83 419
105 82 419
397 84 418
104 84 417
398 84 417
103 84 418
399 83 419
102 82 419
400 84 418
101 83 418
401 82 419
100 83 419
402 83 418
99 84 417
403 84 417
98 83 418
404 84 417
97 83 418
405 83 418
96 82 419
406 83 418
95 84 418
407 84 417
94 83 418
408 83 418
93 83 418
409 83 419
92 83 418
410 83 418
91 84 418
411 83 418
90 83 418
412 84 418
89 83 419
413 83 418
88 83 419
414 84 418
87 83 418
415 83 418
86 82 419
416 84 418
85 83 419
417 83 419
84 83 419
418 83 419
83 83 419
419 83 419
82 83 419
420 83 418
81 84 417
421 83 418
80 84 417
422 83 419
79 82 419
423 82 419
78 84 417
424 83 419
77 82 419
425 83 419
76 83 418
426 84 418
75 84 417
427 84 418
74 82 419
428 84 417
73 82 419
429 83 418
72 83 419
430 84 418
71 82 419
431 83 418
70 83 419
432 84 417
69 83 418
433 83 419
68 83 419
434 83 419
67 84 418
435 82 419
66 83 418
436 83 418
65 83 419
437 82 419
64 84 417
438 84 417
63 83 419
439 84 418
62 83 419
440 84 417
61 84 418
441 83 419
60 84 418
442 84 418
59 82 419
443 84 417
58 84 418
444 83 419
57 82 419
445 84 418
56 83 418
446 83 419
55 84 417
447 84 417
54 84 417
448 83 419
53 83 419
449 82 419
52 84 418
450 83 418
51 84 417
451 83 419
50 82 419
452 83 419
49 83 419
453 82 419
48 83 419
454 83 419
47 83 418
455 82 419
46 83 419
456 83 419
45 82 419
457 84 418
44 84 418
458 83 419
43 84 418
459 82 419
42 82 419
460 84 417
41 84 417
461 84 418
40 84 418
462 84 418
39 83 419
463 84 418
38 82 419
464 83 419
37 83 418
465 83 418
36 84 417
466 82 419
35 83 418
467 82 419
34 83 419
468 83 418
33 84 418
469 83 419
32 83 419
470 84 417
31 82 419
471 84 418
30 82 419
472 83 419
29 84 417
473 83 418
28 83 418
474 84 418
27 83 418
475 83 419
26 82 419
476 82 419
25 84 418
477 83 418
24 84 417
478 82 419
23 84 417
479 84 418
22 83 418
480 84 417
21 84 417
481 84 417
20 82 419
482 84 417
19 82 419
483 82 419
18 83 418
484 83 418
17 83 419
485 84 417
16 83 419
486 83 418
15 82 419
487 82 419
14 84 418
488 82 419
13 84 418
489 84 417
12 83 418
490 84 417
11 84 417
491 83 419
10 84 417
492 84 418
9 83 418
493 83 418
8 83 418
494 83 419
7 82 419
495 82 419
6 83 419
496 84 418
5 84 418
497 82 419
4 84 418
498 84 418
3 82 419
499 82 419
2 83 419
500 82 419
1 84 418
252 418 421
251 420 423
252 81 83
248 418 420
249 82 83
249 419 420
250 420 421
251 78 81
248 82 83
250 80 81
253 420 423
254 79 83
254 419 422
249 77 81
249 421 425
250 422 423
252 79 80
252 422 424
253 79 81
255 419 422
245 418 420
246 80 83
246 419 423
247 81 82
247 420 420
248 79 81
248 421 423
250 75 79
251 424 427
255 81 82
256 81 83
256 419 420
245 81 83
247 421 421
250 424 425
251 74 77
252 75 78
243 418 422
247 78 80
247 422 423
252 425 427
253 78 78
253 424 427
254 423 424
255 78 80
256 421 423
257 420 424
243 83 83
244 78 82
244 420 421
245 421 421
248 75 78
248 424 428
250 426 428
253 76 77
254 77 78
255 423 427
256 76 80
257 79 81
258 78 82
258 420 422
259 419 419
243 79 82
245 76 80
245 422 424
246 78 79
247 424 424
249 74 76
249 426 426
251 428 430
254 425 429
259 78 82
259 420 424
241 81 83
241 419 419
242 79 82
242 420 424
244 422 423
246 424 428
247 77 77
247 425 429
249 427 431
250 71 74
251 72 73
252 73 74
252 428 432
253 73 75
254 73 76
255 77 77
256 424 424
260 80 82
260 420 423
241 420 420
246 77 77
247 72 76
250 429 433
253 428 431
255 72 76
256 425 426
257 75 78
258 423 424
261 82 82
261 420 423
239 80 83
239 419 423
240 420 420
241 421 422
243 423 426
244 424 428
245 425 427
246 76 76
248 71 74
249 71 73
251 71 71
251 431 435
252 72 72
257 425 427
261 79 81
262 420 420
263 81 83
263 419 421
240 78 81
240 421 423
241 76 80
243 78 78
244 75 77
246 72 75
248 429 430
251 69 70
252 70 71
253 68 72
255 428 428
256 73 75
256 427 431
258 74 77
258 425 426
260 79 79
262 80 81
262 421 423
237 419 423
238 78 82
238 420 424
241 423 427
242 75 78
243 77 77
245 71 75
250 70 70
254 68 72
254 430 433
255 429 430
259 74 77
259 425 425
260 77 78
260 424 425
264 81 82
264 420 423
265 419 419
236 82 83
236 419 423
237 81 82
242 425 427
243 72 76
245 428 431
246 429 430
247 430 430
248 431 434
249 70 70
249 432 432
250 69 69
251 64 68
252 68 69
252 433 434
253 432 435
257 71 74
257 428 432
258 427 427
259 426 428
261 74 78
261 424 428
262 79 79
263 80 80
263 422 422
265 80 82
265 420 423
266 419 420
267 418 418
239 77 79
240 424 425
243 427 428
244 73 74
247 67 71
247 431 431
248 68 70
249 69 69
249 433 435
250 65 68
250 434 437
255 67 71
255 431 431
256 72 72
258 428 431
260 72 76
260 426 427
262 75 78
262 424 426
263 77 79
263 423 427
264 79 80
266 78 82
267 83 83
267 419 420
235 81 82
235 420 420
236 81 81
237 80 80
239 424 427
240 77 77
244 429 431
246 70 71
246 431 434
247 432 432
249 67 68
251 436 439
252 64 67
252 435 436
255 432 434
256 68 71
258 72 73
266 421 422
267 79 82
233 419 421
234 420 421
235 421 423
236 80 80
237 79 79
240 75 76
240 426 426
241 74 75
242 72 74
242 428 432
243 429 432
244 72 72
247 433 433
253 66 67
254 434 434
256 432 434
259 69 73
259 429 431
260 428 432
264 77 78
264 424 424
265 77 79
267 421 425
268 420 421
270 418 418
232 83 83
232 419 422
233 82 82
234 78 81
235 78 80
236 76 79
237 78 78
237 424 424
238 74 77
238 425 428
239 74 76
240 427 428
241 428 431
244 68 71
245 66 70
245 432 436
246 67 69
247 434 438
248 66 67
248 435 438
249 64 66
249 436 440
252 437 441
253 436 440
254 64 67
254 435 435
257 70 70
258 69 71
262 427 431
263 73 76
264 425 429
265 424 425
266 423 426
268 77 81
269 420 420
270 81 83
270 419 422
231 81 83
231 419 422
232 79 82
233 79 81
234 422 422
236 424 428
237 77 77
237 425 426
240 74 74
241 72 73
243 68 71
244 432 432
250 61 64
250 438 441
251 61 63
253 63 65
254 436 438
255 435 438
257 67 69
257 433 433
258 432 435
261 73 73
261 429 433
262 71 74
264 72 76
268 422 425
269 79 81
269 421 425
229 418 421
230 79 83
230 419 423
233 422 424
234 423 427
235 424 428
237 76 76
239 428 430
240 70 73
240 429 431
242 68 71
244 433 434
246 435 439
247 63 66
248 64 65
251 440 444
252 62 63
255 66 66
256 66 67
256 435 435
257 434 437
259 432 435
260 71 71
261 68 72
263 428 428
265 74 76
265 426 428
266 77 77
267 78 78
271 420 421
229 82 83
235 77 77
237 72 75
237 427 427
239 71 73
241 69 71
243 433 434
246 62 66
249 59 63
255 64 65
256 436 438
258 66 68
260 68 70
263 429 432
266 76 76
267 74 77
270 78 80
271 78 81
272 79 82
272 420 420
228 419 423
231 76 80
232 423 423
233 77 78
234 74 77
235 75 76
236 72 75
237 428 430
238 70 73
238 429 429
241 432 436
242 433 437
244 67 67
244 435 437
248 62 63
248 439 439
251 56 60
252 59 61
253 58 62
254 62 63
254 439 439
256 62 65
257 66 66
259 65 68
260 433 434
263 71 72
266 74 75
266 427 427
267 426 427
269 76 78
270 423 423
271 422 424
272 421 424
273 420 421
274 419 423
226 418 419
228 78 82
229 79 81
231 423 426
232 76 78
232 424 427
233 425 427
238 430 433
239 431 431
240 432 433
243 66 67
243 435 435
244 65 66
245 65 65
245 437 437
247 439 443
248 440 440
249 441 444
250 56 60
250 442 445
252 442 444
253 441 443
254 440 442
255 61 63
255 439 443
257 64 65
258 436 436
262 69 70
262 432 436
264 430 433
265 73 73
265 429 429
266 428 430
268 76 76
268 426 426
270 424 425
273 81 81
274 82 82
275 419 423
226 83 83
227 81 82
227 420 422
229 422 423
233 72 76
235 72 74
236 429 432
239 67 70
239 432 434
240 68 69
241 65 68
242 66 67
243 436 436
245 64 64
245 438 441
247 59 62
248 60 61
248 441 445
254 61 61
256 439 442
257 438 438
258 62 65
258 437 437
259 436 438
260 67 67
260 435 435
261 434 436
263 67 70
264 71 71
265 70 72
265 430 432
266 70 73
267 428 429
268 74 75
268 427 431
269 426 426
270 74 77
273 76 80
273 422 423
274 81 81
275 80 82
276 79 83
276 419 422
224 418 421
225 419 420
226 81 82
226 420 423
230 75 78
230 424 426
234 428 431
235 429 430
237 69 71
237 431 434
240 434 435
243 61 65
243 437 440
