50 25
3 8 1 25 7 7 12 18 20 9 14 6 16 4 2 19 1 5 23 23 18 20 25 16 12 4 2 7 17 1 7 21 8 7 22 16 15 9 9 12 17 24 17 7 4 19 2 4 25 24
50 7
1 1 1 1 1 1 1 1 1 1 1 1 1 1 1 1 1 1 1 1 1 1 1 1 1 1 1 1 1 1 1 1 1 1 1 1 1 1 1 1 1 1 1 1 1 1 1 1 1 1
50 17
9 6 11 6 1 12 15 14 8 17 7 4 8 4 8 8 14 1 17 10 15 17 12 5 12 17 6 6 10 6 4 1 12 5 6 3 16 3 7 7 10 14 1 9 17 8 7 4 17 6
50 7
3 5 3 3 3 7 7 6 5 3 3 2 1 2 6 6 6 5 1 1 2 3 5 1 2 4 4 1 6 5 3 1 2 3 3 4 2 7 2 6 1 2 5 6 1 1 3 7 6 1
50 25
25 23 23 21 21 19 19 17 17 15 15 13 13 11 11 9 9 7 7 5 5 3 3 1 1 1 2 3 2 2 5 1 5 4 1 2 1 3 1 4 4 3 5 5 1 3 1 5 2 5
