3 100
1 0
1 1
2 0
2 1
2 2
3 0
3 1
3 2
3 3
200 0
200 191
200 192
200 193
200 194
200 195
200 196
200 197
200 198
200 199
200 200
101 0
102 0
103 0
104 0
105 0
106 0
107 0
108 0
109 0
110 0
50 10
50 49
50 9
50 34
50 32
75 27
75 10
75 68
75 21
75 45
100 44
100 39
100 65
100 19
100 51
100 91
100 1
100 5
100 89
100 34
125 17
125 98
125 33
125 51
125 44
125 26
125 26
125 13
125 1
125 19
150 35
150 11
150 14
150 72
150 63
150 38
150 132
150 47
150 62
150 39
175 117
175 109
175 37
175 23
175 88
175 153
175 158
175 20
175 139
175 50
175 173
175 6
175 123
175 68
175 84
199 73
199 62
199 170
199 196
199 81
199 105
199 125
199 84
199 127
199 136
199 105
199 46
199 129
199 113
199 57
