13 12 14
12 9 16
14 13 13
11 1 25
15 10 16
10 10 16
16 7 18
9 4 21
17 3 22
13 3 11
8 6 19
13 15 20
18 5 20
14 9 12
14 14 15
7 4 22
14 16 16
12 17 21
19 2 24
6 2 24
20 4 21
5 3 22
21 1 25
4 5 20
22 7 18
14 17 20
12 7 8
14 2 8
3 5 21
15 9 9
15 17 23
23 3 23
10 2 9
10 17 23
2 2 23
24 5 20
1 6 20
25 9 17
-1
-1
-1
-1
-1
15 2 8
12 3 6
-1
13 21 22
14 21 24
-1
-1
4 4 4
3 4 4
4 3 3
4 5 5
5 4 4
2 4 4
3 3 3
3 5 5
4 2 2
4 6 6
5 3 3
5 5 5
6 4 4
1 4 4
2 3 3
2 5 5
3 2 2
3 6 6
4 1 1
4 7 7
5 2 2
5 6 6
6 3 3
6 5 5
7 4 4
1 3 3
1 5 5
2 2 2
2 6 6
3 1 1
3 7 7
5 1 1
5 7 7
6 2 2
6 6 6
7 3 3
7 5 5
1 2 2
1 6 6
2 1 1
2 7 7
6 1 1
6 7 7
7 2 2
7 6 6
1 1 1
1 7 7
7 1 1
7 7 7
-1
9 5 13
8 6 11
10 4 14
7 6 11
11 9 9
6 3 14
12 2 16
5 2 15
13 5 12
4 1 17
11 2 8
11 10 13
14 5 12
8 12 15
3 5 12
15 5 12
2 2 15
7 12 12
16 1 17
1 4 13
17 2 16
-1
-1
8 1 5
-1
-1
-1
-1
-1
-1
9 1 4
9 14 14
-1
7 1 5
-1
7 13 15
-1
9 15 17
-1
-1
-1
-1
10 3 3
-1
-1
-1
-1
11 14 17
-1
-1
4 3 5
3 2 6
5 3 5
2 3 5
6 3 5
1 1 7
7 1 7
-1
-1
-1
-1
4 1 2
4 6 6
5 1 2
-1
-1
-1
-1
4 7 7
5 6 6
2 1 2
-1
-1
2 6 6
6 1 2
-1
-1
3 1 1
-1
-1
-1
3 7 7
6 6 7
-1
-1
-1
-1
-1
-1
-1
5 7 7
-1
-1
-1
2 7 7
-1
-1
-1
-1
-1
13 1 25
12 2 24
14 2 24
11 3 23
15 3 23
10 4 22
16 4 22
9 5 21
17 5 21
8 6 20
18 6 20
7 7 19
19 7 19
6 8 18
20 8 18
5 9 17
21 9 17
4 10 16
22 10 16
3 11 15
23 11 15
2 12 14
24 12 14
1 13 13
25 13 13
1 12 12
1 14 15
2 9 11
2 15 16
3 9 10
3 16 20
4 9 9
4 17 21
5 5 8
5 18 18
6 6 7
6 19 19
7 4 6
7 20 20
8 2 5
8 21 24
9 2 4
18 1 5
18 21 25
9 22 22
10 1 3
10 23 23
19 2 6
11 1 2
19 20 24
