251 102 400
250 61 440
252 122 380
249 243 258
253 169 333
248 213 289
254 53 449
247 157 345
255 11 490
246 76 426
256 171 330
245 87 414
257 18 484
244 125 377
258 182 319
243 166 336
259 147 355
242 94 407
260 245 257
241 50 452
261 166 335
240 70 431
262 224 277
239 89 412
263 128 373
238 123 378
264 110 391
237 110 392
265 77 424
236 162 340
266 175 326
235 55 447
267 223 279
234 46 455
268 174 327
233 141 361
269 135 366
232 227 275
270 174 328
231 23 479
271 51 450
230 221 281
272 110 392
229 196 306
273 95 407
228 41 460
274 111 391
249 259 278
227 135 367
249 204 242
275 167 334
226 177 324
276 178 324
225 141 361
277 15 486
224 55 446
278 140 361
223 2 500
279 41 460
222 217 285
280 40 462
221 216 285
281 148 354
220 12 490
282 139 363
219 71 430
283 29 473
218 150 351
284 47 454
217 78 423
285 172 329
260 193 244
216 48 453
286 31 470
215 46 455
287 143 359
214 199 303
288 33 468
213 133 368
260 258 340
289 14 488
212 49 452
290 13 489
211 68 434
291 66 435
210 155 347
292 123 379
209 206 296
293 33 469
208 164 338
294 48 453
207 72 429
295 6 496
206 196 306
296 84 418
205 21 481
297 16 485
249 279 303
204 171 331
298 190 311
203 66 435
299 92 409
202 164 337
300 114 387
262 278 280
201 87 415
301 133 368
200 74 427
302 120 382
199 143 359
303 33 468
198 10 492
304 68 433
197 173 329
305 77 424
196 134 368
306 76 425
195 76 425
307 89 413
194 109 393
308 116 385
193 13 488
309 180 321
192 122 380
310 209 293
191 140 361
311 142 359
190 101 400
312 5 497
189 189 313
313 41 461
188 71 431
314 30 471
187 81 420
315 61 440
186 156 345
316 168 334
185 194 307
262 182 223
317 36 465
184 86 416
318 140 362
183 46 456
319 154 348
182 61 440
262 281 284
320 164 338
181 137 364
321 75 427
180 129 373
322 122 379
179 190 311
323 142 360
178 179 323
324 61 440
177 100 402
248 100 212
325 79 422
248 290 390
232 123 226
176 17 484
326 117 384
175 19 483
327 174 327
232 276 381
174 80 422
262 285 374
267 204 222
328 150 352
173 62 439
329 27 474
267 280 311
249 104 203
230 118 220
172 15 487
330 139 363
171 75 427
331 178 324
170 152 349
332 149 353
169 56 446
333 24 478
168 88 413
230 282 390
334 78 423
167 26 476
335 173 329
166 22 479
249 304 342
222 213 216
222 286 345
336 125 376
165 116 386
337 116 385
164 175 326
338 190 311
163 72 430
339 131 371
162 181 320
340 98 404
161 69 432
341 85 417
160 82 419
342 147 355
159 160 341
267 149 203
343 35 467
221 286 318
158 151 351
344 187 315
157 9 492
345 82 419
156 86 415
346 97 404
155 28 473
347 41 461
221 212 215
154 77 424
348 63 439
222 171 212
260 96 192
153 160 341
221 172 211
349 68 434
152 152 349
350 156 346
151 134 368
351 100 401
150 163 339
352 191 310
149 198 304
258 320 358
353 152 350
148 156 345
354 4 498
147 188 313
355 129 372
146 38 463
356 172 329
145 29 473
357 101 401
144 181 321
358 111 391
143 63 438
359 154 347
142 15 486
360 104 398
141 29 472
258 118 181
361 43 459
140 135 366
362 171 331
267 312 408
139 116 386
363 115 387
229 156 195
138 148 354
229 307 312
364 81 421
137 60 442
365 65 437
136 155 347
366 168 334
262 112 181
135 60 441
367 171 330
134 154 348
229 313 437
368 85 416
253 71 168
133 94 408
253 334 464
369 9 493
132 81 421
370 125 376
131 39 463
256 331 387
256 126 170
371 68 434
209 86 205
130 21 481
209 297 393
214 173 198
372 100 402
214 304 416
129 102 400
266 327 415
373 92 410
266 125 174
128 164 338
374 28 474
127 40 461
375 67 434
126 71 430
376 133 369
125 4 498
377 119 383
124 163 339
243 48 165
243 337 431
378 114 388
123 162 339
379 15 486
249 343 346
268 328 344
122 140 361
380 37 464
261 336 408
268 162 173
261 126 165
121 31 470
381 142 359
270 38 173
120 19 483
382 118 384
119 3 498
383 120 381
118 74 428
270 329 387
221 319 376
249 347 374
226 325 329
384 139 363
247 16 156
247 346 455
117 20 481
260 341 475
385 64 437
276 41 177
116 2 500
386 144 358
115 173 329
387 163 338
114 159 343
388 171 331
113 32 470
276 325 477
389 84 417
112 122 379
390 46 456
111 65 437
391 153 348
226 49 176
110 124 378
392 48 453
109 54 447
393 127 375
108 44 457
394 4 497
107 98 404
395 16 486
206 176 195
206 307 363
106 154 347
396 47 454
310 43 208
105 51 451
310 294 334
226 330 368
236 125 161
236 341 378
397 125 377
104 31 470
398 21 480
103 160 342
268 63 161
399 52 449
275 335 415
102 35 467
298 312 465
400 5 496
275 117 166
298 95 189
101 69 433
401 99 402
100 1 500
221 169 171
222 120 170
402 45 456
99 3 498
403 72 429
268 345 471
98 121 381
404 44 457
97 91 411
405 168 334
221 90 168
96 141 360
406 148 354
95 69 432
259 145 146
407 5 496
94 70 431
408 30 471
93 26 475
259 356 398
409 108 393
285 330 421
92 66 436
410 19 482
91 5 496
285 65 171
258 359 371
259 60 144
411 16 486
90 93 408
412 86 416
89 142 360
214 60 172
413 131 371
88 145 357
414 16 485
229 42 155
87 15 487
267 21 148
415 34 467
86 58 443
416 25 477
85 52 450
206 85 175
185 308 368
417 51 451
84 87 414
418 40 461
185 107 193
222 346 368
83 146 356
419 65 436
82 71 431
189 109 188
420 84 418
81 75 426
421 35 467
189 314 406
80 160 341
204 23 170
422 47 454
249 375 385
79 68 433
204 332 350
423 2 500
258 372 448
78 134 367
233 30 140
424 104 398
233 362 469
309 322 364
77 162 340
309 121 179
425 158 344
208 148 163
76 68 434
208 339 424
426 80 422
75 108 394
179 312 483
252 11 121
427 3 499
74 106 395
428 15 486
73 90 411
256 3 125
429 90 411
72 125 377
430 144 358
252 381 382
71 51 450
431 67 434
70 121 380
197 163 172
197 330 462
432 123 379
252 383 468
179 78 189
69 68 434
218 352 478
433 142 360
202 338 492
68 99 403
244 101 124
434 81 421
244 378 443
67 56 445
435 165 337
202 9 163
66 40 461
436 79 422
65 119 383
437 42 459
269 367 498
64 10 491
438 9 493
63 1 501
439 100 401
62 9 492
440 21 481
281 98 147
281 355 482
218 76 149
61 97 405
225 3 140
441 25 477
60 96 406
442 16 485
262 375 437
59 40 462
263 374 468
269 107 134
261 50 125
210 9 154
263 77 127
197 1 162
443 146 356
58 158 343
444 84 417
57 69 433
225 362 467
445 39 462
56 63 438
446 117 385
55 101 401
447 73 428
54 125 377
249 386 432
448 49 452
53 134 368
210 348 353
449 25 477
52 70 431
450 88 413
278 362 367
51 129 373
451 113 389
278 78 139
50 144 357
452 81 420
49 9 492
453 97 404
48 68 434
454 99 403
47 25 477
310 335 497
455 18 483
46 46 455
456 77 424
227 90 134
45 115 387
457 25 477
44 17 484
210 354 500
458 141 361
227 368 380
43 127 375
459 142 360
238 379 437
178 28 178
42 152 350
460 95 406
41 77 425
461 98 403
282 3 138
40 74 427
258 68 117
462 45 457
178 324 484
39 120 382
463 2 499
204 351 493
38 93 408
236 16 124
464 28 474
37 117 384
465 116 386
338 312 468
36 40 462
238 6 122
466 151 351
149 4 197
35 94 408
316 1 167
256 388 474
467 111 391
34 38 464
468 84 418
33 129 373
469 9 493
32 136 366
470 30 472
31 104 398
266 47 124
471 4 498
30 36 466
338 13 189
472 106 395
226 369 456
29 83 419
236 379 429
473 86 416
28 12 490
278 368 479
474 32 470
327 328 497
282 364 488
27 147 354
475 88 413
248 391 436
287 73 142
287 360 385
26 8 494
208 18 147
476 32 470
25 92 410
316 335 491
222 369 478
327 22 173
477 51 451
232 29 122
331 50 177
232 382 470
331 325 458
24 149 353
478 87 415
23 96 405
479 61 441
227 381 497
22 53 449
480 143 358
21 44 457
481 15 487
20 31 470
249 80 103
482 46 455
19 74 428
149 305 453
483 70 432
18 38 463
484 154 347
344 9 186
17 153 349
344 316 494
485 97 404
16 60 441
486 3 499
15 19 482
487 6 496
14 54 447
262 3 111
251 19 101
251 401 420
488 29 472
13 143 359
489 16 486
12 116 386
264 392 416
490 76 425
11 58 444
162 321 488
491 96 406
10 102 400
320 25 163
492 3 498
230 49 117
248 52 99
9 77 425
493 143 359
320 339 494
8 114 387
162 25 180
494 84 417
7 16 485
495 84 418
186 346 485
6 76 425
264 34 109
496 77 425
213 369 454
5 143 358
497 150 352
352 311 478
4 10 491
186 10 155
213 3 132
498 25 476
352 29 190
3 50 451
499 101 400
221 377 424
237 42 109
2 73 429
237 393 484
500 25 477
1 76 426
164 327 486
501 128 373
-1
206 364 485
-1
-1
-1
-1
147 314 492
-1
199 24 142
-1
-1
-1
-1
335 26 172
335 330 497
-1
199 360 487
259 399 457
-1
270 388 465
-1
-1
164 52 174
244 87 100
275 1 116
-1
-1
222 53 119
-1
230 391 401
-1
-1
-1
-1
-1
147 33 187
-1
319 1 153
269 96 106
272 47 109
-1
-1
-1
-1
-1
-1
-1
-1
-1
-1
272 393 424
-1
274 105 110
-1
-1
-1
319 349 473
274 392 467
-1
-1
-1
-1
-1
-1
-1
-1
301 369 479
144 34 180
-1
-1
-1
-1
260 39 95
-1
-1
311 360 497
-1
242 408 495
242 1 93
-1
261 409 446
301 9 132
292 3 122
245 415 457
-1
274 14 104
144 322 477
328 8 149
-1
292 380 467
-1
-1
-1
251 421 455
-1
311 108 141
-1
191 362 418
-1
-1
-1
-1
-1
-1
287 386 495
-1
-1
-1
-1
-1
-1
-1
-1
245 43 86
-1
191 44 139
-1
-1
-1
230 402 439
-1
-1
244 59 86
309 365 420
-1
-1
-1
196 75 133
196 369 399
-1
318 43 139
-1
328 353 495
-1
-1
-1
-1
-1
-1
-1
-1
-1
-1
-1
-1
-1
159 342 499
318 363 470
-1
170 350 489
170 6 151
356 330 489
-1
-1
-1
239 413 460
159 13 159
249 30 79
323 36 141
-1
267 409 466
-1
-1
-1
269 5 95
-1
-1
239 39 88
-1
-1
-1
-1
-1
-1
323 361 499
181 365 490
-1
264 417 458
-1
-1
-1
185 369 492
-1
332 14 148
273 52 94
-1
-1
-1
332 354 482
273 408 441
-1
-1
-1
-1
181 5 136
266 416 487
-1
302 44 119
356 51 171
302 383 480
246 42 75
246 427 465
362 4 170
-1
253 52 70
-1
249 433 487
281 55 97
209 394 485
227 56 89
-1
-1
153 342 498
-1
150 10 162
-1
-1
300 388 468
-1
-1
192 8 121
-1
-1
300 19 113
-1
-1
362 332 497
-1
-1
263 44 76
265 425 488
-1
192 381 451
-1
-1
-1
-1
-1
150 340 463
-1
-1
-1
153 17 159
367 331 493
-1
243 432 473
309 13 120
-1
330 17 138
-1
248 437 464
-1
-1
-1
265 2 76
367 3 170
-1
-1
330 364 497
350 5 155
275 416 433
-1
-1
-1
-1
221 18 89
-1
-1
-1
250 441 479
-1
258 10 67
366 4 167
-1
-1
366 335 495
-1
-1
308 386 495
158 32 150
240 432 483
158 352 488
308 17 115
250 49 60
-1
-1
-1
180 21 128
350 347 497
240 12 69
-1
115 4 172
180 374 374
-1
-1
-1
-1
115 330 493
-1
236 430 448
-1
-1
-1
-1
-1
-1
251 1 501
250 2 500
252 2 500
249 3 499
253 3 499
248 4 498
254 4 498
247 5 497
255 5 497
246 6 496
256 6 496
245 7 495
257 7 495
244 8 494
258 8 494
243 9 493
259 9 493
242 10 492
260 10 492
241 11 491
261 11 491
240 12 490
262 12 490
239 13 489
263 13 489
238 14 488
264 14 488
237 15 487
265 15 487
236 16 486
266 16 486
235 17 485
267 17 485
234 18 484
268 18 484
233 19 483
269 19 483
232 20 482
270 20 482
231 21 481
271 21 481
230 22 480
272 22 480
229 23 479
273 23 479
228 24 478
274 24 478
227 25 477
275 25 477
226 26 476
276 26 476
225 27 475
277 27 475
224 28 474
278 28 474
223 29 473
279 29 473
222 30 472
280 30 472
221 31 471
281 31 471
220 32 470
282 32 470
219 33 469
283 33 469
218 34 468
284 34 468
217 35 467
285 35 467
216 36 466
286 36 466
215 37 465
287 37 465
214 38 464
288 38 464
213 39 463
289 39 463
212 40 462
290 40 462
211 41 461
291 41 461
210 42 460
292 42 460
209 43 459
293 43 459
208 44 458
294 44 458
207 45 457
295 45 457
206 46 456
296 46 456
205 47 455
297 47 455
204 48 454
298 48 454
203 49 453
299 49 453
202 50 452
300 50 452
201 51 451
301 51 451
200 52 450
302 52 450
199 53 449
303 53 449
198 54 448
304 54 448
197 55 447
305 55 447
196 56 446
306 56 446
195 57 445
307 57 445
194 58 444
308 58 444
193 59 443
309 59 443
192 60 442
310 60 442
191 61 441
311 61 441
190 62 440
312 62 440
189 63 439
313 63 439
188 64 438
314 64 438
187 65 437
315 65 437
186 66 436
316 66 436
185 67 435
317 67 435
184 68 434
318 68 434
183 69 433
319 69 433
182 70 432
320 70 432
181 71 431
321 71 431
180 72 430
322 72 430
179 73 429
323 73 429
178 74 428
324 74 428
177 75 427
325 75 427
176 76 426
326 76 426
175 77 425
327 77 425
174 78 424
328 78 424
173 79 423
329 79 423
172 80 422
330 80 422
171 81 421
331 81 421
170 82 420
332 82 420
169 83 419
333 83 419
168 84 418
334 84 418
167 85 417
335 85 417
166 86 416
336 86 416
165 87 415
337 87 415
164 88 414
338 88 414
163 89 413
339 89 413
162 90 412
340 90 412
161 91 411
341 91 411
160 92 410
342 92 410
159 93 409
343 93 409
158 94 408
344 94 408
157 95 407
345 95 407
156 96 406
346 96 406
155 97 405
347 97 405
154 98 404
348 98 404
153 99 403
349 99 403
152 100 402
350 100 402
151 101 401
351 101 401
150 102 400
352 102 400
149 103 399
353 103 399
148 104 398
354 104 398
147 105 397
355 105 397
146 106 396
356 106 396
145 107 395
357 107 395
144 108 394
358 108 394
143 109 393
359 109 393
142 110 392
360 110 392
141 111 391
361 111 391
140 112 390
362 112 390
139 113 389
363 113 389
138 114 388
364 114 388
137 115 387
365 115 387
136 116 386
366 116 386
135 117 385
367 117 385
134 118 384
368 118 384
133 119 383
369 119 383
132 120 382
370 120 382
131 121 381
371 121 381
130 122 380
372 122 380
129 123 379
373 123 379
128 124 378
374 124 378
127 125 377
375 125 377
126 126 376
376 126 376
125 127 375
377 127 375
124 128 374
378 128 374
123 129 373
379 129 373
122 130 372
380 130 372
121 131 371
381 131 371
120 132 370
382 132 370
119 133 369
383 133 369
118 134 368
384 134 368
117 135 367
385 135 367
116 136 366
386 136 366
115 137 365
387 137 365
114 138 364
388 138 364
113 139 363
389 139 363
112 140 362
390 140 362
111 141 361
391 141 361
110 142 360
392 142 360
109 143 359
393 143 359
108 144 358
394 144 358
107 145 357
395 145 357
106 146 356
396 146 356
105 147 355
397 147 355
104 148 354
398 148 354
103 149 353
399 149 353
102 150 352
400 150 352
101 151 351
401 151 351
100 152 350
402 152 350
99 153 349
403 153 349
98 154 348
404 154 348
97 155 347
405 155 347
96 156 346
406 156 346
95 157 345
407 157 345
94 158 344
408 158 344
93 159 343
409 159 343
92 160 342
410 160 342
91 161 341
411 161 341
90 162 340
412 162 340
89 163 339
413 163 339
88 164 338
414 164 338
87 165 337
415 165 337
86 166 336
416 166 336
85 167 335
417 167 335
84 168 334
418 168 334
83 169 333
419 169 333
82 170 332
420 170 332
81 171 331
421 171 331
80 172 330
422 172 330
79 173 329
423 173 329
78 174 328
424 174 328
77 175 327
425 175 327
76 176 326
426 176 326
75 177 325
427 177 325
74 178 324
428 178 324
73 179 323
429 179 323
72 180 322
430 180 322
71 181 321
431 181 321
70 182 320
432 182 320
69 183 319
433 183 319
68 184 318
434 184 318
67 185 317
435 185 317
66 186 316
436 186 316
65 187 315
437 187 315
64 188 314
438 188 314
63 189 313
439 189 313
62 190 312
440 190 312
61 191 311
441 191 311
60 192 310
442 192 310
59 193 309
443 193 309
58 194 308
444 194 308
57 195 307
445 195 307
56 196 306
446 196 306
55 197 305
447 197 305
54 198 304
448 198 304
53 199 303
449 199 303
52 200 302
450 200 302
51 201 301
451 201 301
50 202 300
452 202 300
49 203 299
453 203 299
48 204 298
454 204 298
47 205 297
455 205 297
46 206 296
456 206 296
45 207 295
457 207 295
44 208 294
458 208 294
43 209 293
459 209 293
42 210 292
460 210 292
41 211 291
461 211 291
40 212 290
462 212 290
39 213 289
463 213 289
38 214 288
464 214 288
37 215 287
465 215 287
36 216 286
466 216 286
35 217 285
467 217 285
34 218 284
468 218 284
33 219 283
469 219 283
32 220 282
470 220 282
31 221 281
471 221 281
30 222 280
472 222 280
29 223 279
473 223 279
28 224 278
474 224 278
27 225 277
475 225 277
26 226 276
476 226 276
25 227 275
477 227 275
24 228 274
478 228 274
23 229 273
479 229 273
22 230 272
480 230 272
21 231 271
481 231 271
20 232 270
482 232 270
19 233 269
483 233 269
18 234 268
484 234 268
17 235 267
485 235 267
16 236 266
486 236 266
15 237 265
487 237 265
14 238 264
488 238 264
13 239 263
489 239 263
12 240 262
490 240 262
11 241 261
491 241 261
10 242 260
492 242 260
9 243 259
493 243 259
8 244 258
494 244 258
7 245 257
495 245 257
6 246 256
496 246 256
5 247 255
497 247 255
4 248 254
498 248 254
3 249 253
499 249 253
2 250 252
500 250 252
1 251 251
501 251 251
1 250 250
1 252 253
2 246 249
2 253 254
3 247 248
3 254 257
4 244 247
4 255 259
5 245 246
5 256 260
6 244 245
6 257 261
7 242 244
7 258 262
8 243 243
8 259 262
9 239 242
9 260 262
10 239 241
10 261 261
11 237 240
11 262 262
12 236 239
12 263 264
13 235 238
13 264 267
14 236 237
14 265 267
15 232 236
15 266 266
16 233 235
16 267 271
17 231 234
17 268 268
18 232 233
18 269 273
19 228 232
19 270 271
20 231 231
20 271 271
21 228 230
21 272 273
22 225 229
22 273 277
23 227 228
23 274 275
24 227 227
24 275 276
25 223 226
25 276 278
26 224 225
26 277 280
27 220 224
27 278 279
28 223 223
28 279 281
29 218 222
29 280 283
30 221 221
30 281 284
31 216 220
31 282 284
32 216 219
32 283 285
33 218 218
33 284 285
34 213 217
34 285 289
35 214 216
35 286 290
36 211 215
36 287 291
37 213 214
37 288 288
38 212 213
38 289 293
39 210 212
39 290 291
40 209 211
40 291 293
41 210 210
41 292 296
42 208 209
42 293 297
43 206 208
43 294 297
44 204 207
44 295 297
45 205 206
45 296 296
46 205 205
46 297 297
47 201 204
47 298 298
48 203 203
48 299 302
49 201 202
49 300 304
50 197 201
50 301 304
51 197 200
51 302 302
52 199 199
52 303 304
53 198 198
53 304 305
54 195 197
54 305 309
55 192 196
55 306 306
56 191 195
56 307 311
57 193 194
57 308 308
58 193 193
58 309 312
59 189 192
59 310 310
60 189 191
60 311 312
61 189 190
61 312 315
62 187 189
62 313 314
63 185 188
63 314 316
64 183 187
64 315 315
65 185 186
65 316 316
66 185 185
66 317 318
67 184 184
67 318 320
68 183 183
68 319 321
69 182 182
69 320 324
70 177 181
70 321 325
71 176 180
71 322 325
72 179 179
72 323 325
73 178 178
73 324 326
74 174 177
74 325 328
75 173 176
75 326 326
76 174 175
76 327 331
77 171 174
77 328 331
78 173 173
78 329 333
79 170 172
79 330 331
80 170 171
80 331 331
81 169 170
81 332 335
82 165 169
82 333 336
83 167 168
83 334 338
84 167 167
84 335 338
85 163 166
85 336 340
86 165 165
86 337 337
87 160 164
87 338 340
88 159 163
88 339 343
89 162 162
89 340 342
90 157 161
90 341 341
91 160 160
91 342 343
92 155 159
92 343 343
93 154 158
93 344 345
94 153 157
94 345 349
95 152 156
95 346 348
96 151 155
96 347 349
97 153 154
97 348 351
98 153 153
98 349 353
99 148 152
99 350 352
100 149 151
100 351 351
101 146 150
101 352 354
102 149 149
102 353 356
103 148 148
103 354 358
104 147 147
104 355 357
105 142 146
105 356 360
106 143 145
106 357 361
107 144 144
107 358 361
108 139 143
108 359 361
109 141 142
109 360 361
110 140 141
110 361 361
111 137 140
111 362 364
112 137 139
112 363 367
113 135 138
113 364 368
114 134 137
114 365 367
115 135 136
115 366 369
116 133 135
116 367 367
117 132 134
117 368 372
118 132 133
118 369 373
119 131 132
119 370 371
120 130 131
120 371 371
121 128 130
121 372 372
122 128 129
122 373 376
123 125 128
123 374 376
124 125 127
124 375 376
125 123 126
125 376 379
126 124 125
126 377 379
127 122 124
127 378 381
128 120 123
128 379 379
129 120 122
129 380 382
130 121 121
130 381 382
131 118 120
131 382 386
132 116 119
132 383 384
133 114 118
133 384 385
134 116 117
134 385 387
135 112 116
135 386 390
136 111 115
136 387 389
137 114 114
137 388 388
138 113 113
138 389 389
139 110 112
139 390 392
140 109 111
140 391 394
141 108 110
141 392 395
142 109 109
142 393 394
143 104 108
143 394 397
144 103 107
144 395 398
145 104 106
145 396 400
146 104 105
146 397 398
147 104 104
147 398 398
148 100 103
148 399 400
149 99 102
149 400 404
150 98 101
150 401 404
151 97 100
151 402 404
152 99 99
152 403 403
153 94 98
153 404 404
154 96 97
154 405 409
155 92 96
155 406 406
156 93 95
156 407 410
157 94 94
157 408 412
158 89 93
158 409 413
159 90 92
159 410 413
160 91 91
160 411 413
161 86 90
161 412 413
162 86 89
162 413 413
163 85 88
163 414 417
164 86 87
164 415 417
165 84 86
165 416 416
166 85 85
166 417 420
167 80 84
167 418 418
168 80 83
168 419 423
169 80 82
169 420 421
170 81 81
170 421 424
171 77 80
171 422 424
172 76 79
172 423 427
173 77 78
173 424 426
174 74 77
174 425 425
175 73 76
175 426 426
176 71 75
176 427 431
177 70 74
177 428 428
178 69 73
178 429 431
179 69 72
179 430 431
180 70 71
180 431 434
181 67 70
181 432 433
182 68 69
182 433 437
183 65 68
183 434 435
184 67 67
184 435 437
185 66 66
185 436 436
186 65 65
186 437 440
187 60 64
187 438 441
188 61 63
188 439 441
189 59 62
189 440 443
190 58 61
190 441 444
191 60 60
191 442 444
192 57 59
192 443 447
193 54 58
193 444 446
194 55 57
194 445 448
195 56 56
195 446 446
196 54 55
196 447 447
197 50 54
197 448 452
198 49 53
198 449 451
199 50 52
199 450 452
200 51 51
200 451 453
201 46 50
201 452 454
202 46 49
202 453 457
203 47 48
203 454 454
204 46 47
204 455 456
205 46 46
205 456 457
206 41 45
206 457 458
207 43 44
207 458 459
208 43 43
208 459 459
209 42 42
209 460 464
210 38 41
210 461 461
211 40 40
211 462 463
212 37 39
212 463 467
213 38 38
213 464 468
214 34 37
214 465 468
215 35 36
215 466 466
216 33 35
216 467 467
217 31 34
217 468 468
218 32 33
218 469 470
219 29 32
219 470 473
220 29 31
220 471 474
221 29 30
221 472 475
222 28 29
222 473 475
223 24 28
223 474 476
224 27 27
224 475 475
225 23 26
225 476 476
226 23 25
226 477 477
227 22 24
227 478 480
228 22 23
228 479 483
229 21 22
229 480 480
230 17 21
230 481 485
231 20 20
231 482 484
232 15 19
232 483 483
233 14 18
233 484 487
234 16 17
234 485 487
235 15 16
235 486 486
236 12 15
236 487 491
237 11 14
237 488 492
238 11 13
238 489 489
239 9 12
239 490 492
240 9 11
240 491 493
241 8 10
241 492 493
242 7 9
242 493 494
243 5 8
243 494 498
244 6 7
244 495 499
245 5 6
245 496 498
246 5 5
246 497 498
247 3 4
247 498 498
248 1 3
248 499 500
255 1 4
249 2 2
249 500 500
251 84 418
250 84 418
252 84 417
249 84 417
253 84 418
248 84 417
254 82 419
247 84 418
255 84 417
246 83 419
256 83 419
245 82 419
257 83 419
244 84 417
258 83 418
243 82 419
259 84 417
242 83 419
260 83 418
241 83 418
261 84 418
240 84 417
262 83 418
239 83 418
263 83 419
238 83 418
264 84 418
237 82 419
265 83 418
236 82 419
266 83 418
235 84 417
267 83 418
234 82 419
268 83 419
233 83 419
269 84 418
232 82 419
270 84 417
231 83 418
271 83 419
230 84 417
272 84 418
229 84 418
273 83 418
228 84 417
274 83 418
227 83 419
275 83 419
226 83 418
276 83 418
225 82 419
277 82 419
224 82 419
278 82 419
223 83 418
279 82 419
222 83 418
280 82 419
221 83 419
281 83 419
220 83 419
282 82 419
219 84 417
283 83 418
218 82 419
284 82 419
217 82 419
285 83 419
216 84 418
286 84 418
215 84 418
287 83 419
214 82 419
288 82 419
213 84 418
289 84 417
212 82 419
290 84 418
211 84 417
291 84 418
210 83 419
292 83 418
209 84 417
293 82 419
208 83 419
294 82 419
207 83 419
295 84 417
206 83 419
296 83 418
205 82 419
297 84 418
204 83 419
298 84 418
203 84 418
299 83 418
202 84 417
300 84 417
201 84 417
301 83 419
200 83 419
302 82 419
199 83 418
303 83 418
198 84 417
304 84 417
197 83 418
305 82 419
196 83 419
306 83 419
195 84 417
307 83 419
194 84 417
308 83 418
193 83 418
309 83 419
192 82 419
310 84 418
191 84 417
311 83 418
190 83 419
312 84 418
189 84 418
313 84 418
188 83 419
314 82 419
187 84 417
315 84 417
186 82 419
316 84 417
185 82 419
317 83 418
184 84 418
318 84 418
183 84 418
319 83 418
182 83 419
320 82 419
181 83 419
321 84 418
180 82 419
322 84 418
179 82 419
323 84 418
178 83 419
324 84 418
177 84 418
325 83 418
176 82 419
326 84 418
175 83 418
327 82 419
174 84 417
328 84 417
173 84 417
329 84 417
172 82 419
330 84 417
171 84 417
331 84 417
170 83 419
332 82 419
169 82 419
333 82 419
168 83 418
334 84 417
167 83 419
335 84 417
166 82 419
336 83 418
165 83 419
337 84 417
164 83 419
338 82 419
163 84 418
339 83 419
162 83 419
340 83 418
161 83 419
341 83 418
160 84 418
342 83 418
159 83 418
343 84 418
158 82 419
344 82 419
157 83 419
345 84 417
156 84 417
346 83 419
155 84 417
347 84 417
154 84 417
348 82 419
153 84 418
349 82 419
152 84 418
350 83 418
151 83 418
351 84 418
150 82 419
352 84 417
149 83 419
353 82 419
148 84 417
354 84 417
147 82 419
355 83 419
146 83 418
356 83 418
145 83 418
357 84 417
144 84 418
358 82 419
143 83 419
359 84 417
142 84 418
360 84 418
141 84 417
361 83 419
140 84 417
362 84 417
139 83 419
363 83 418
138 84 418
364 84 418
137 84 418
365 83 419
136 83 419
366 83 419
135 84 418
367 82 419
134 84 418
368 82 419
133 83 419
369 83 419
132 82 419
370 83 419
131 83 419
371 82 419
130 83 418
372 84 417
129 84 418
373 82 419
128 83 418
374 84 417
127 82 419
375 83 419
126 84 418
376 84 417
125 84 418
377 83 419
124 83 418
378 84 418
123 84 417
379 84 418
122 83 418
380 83 418
121 82 419
381 84 418
120 83 418
382 83 418
119 84 417
383 83 419
118 84 418
384 84 418
117 83 419
385 83 419
116 82 419
386 84 418
115 82 419
387 83 419
114 83 418
388 84 417
113 83 418
389 84 418
112 83 418
390 83 418
111 82 419
391 82 419
110 82 419
392 83 418
109 83 418
393 84 418
108 83 419
394 84 417
107 83 418
395 84 417
106 82 419
396 83 419
105 83 419
397 84 418
104 84 417
398 82 419
103 83 418
399 82 419
102 83 418
400 84 417
101 82 419
401 84 418
100 82 419
402 84 417
99 84 418
403 84 418
98 83 418
404 82 419
97 83 418
405 84 417
96 83 419
406 83 419
95 82 419
407 83 418
94 84 417
408 83 419
93 84 417
409 83 419
92 83 419
410 83 419
91 84 417
411 83 418
90 83 419
412 82 419
89 84 418
413 84 418
88 83 419
414 84 417
87 84 417
415 83 418
86 83 418
416 84 418
85 84 417
417 84 418
84 84 418
418 84 418
83 82 419
419 83 419
82 84 417
420 83 419
81 84 417
421 83 419
80 84 418
422 82 419
79 84 417
423 83 419
78 83 419
424 84 418
77 84 418
425 83 419
76 84 418
426 82 419
75 83 419
427 84 418
74 83 419
428 84 418
73 83 418
429 83 419
72 84 418
430 82 419
71 84 417
431 84 417
70 83 418
432 84 417
69 83 418
433 83 419
68 84 418
434 83 419
67 82 419
435 83 418
66 83 418
436 82 419
65 83 418
437 84 417
64 84 418
438 84 417
63 82 419
439 84 418
62 83 419
440 83 418
61 82 419
441 84 418
60 84 418
442 82 419
59 83 418
443 82 419
58 84 417
444 83 418
57 82 419
445 84 418
56 84 418
446 82 419
55 83 418
447 82 419
54 82 419
448 84 418
53 82 419
449 83 419
52 82 419
450 84 417
51 83 418
451 84 418
50 83 418
452 82 419
49 82 419
453 83 419
48 82 419
454 83 419
47 84 418
455 82 419
46 83 418
456 84 417
45 84 417
457 82 419
44 84 417
458 84 417
43 84 417
459 83 418
42 83 418
460 84 417
41 82 419
461 84 417
40 82 419
462 83 419
39 84 418
463 84 418
38 82 419
464 83 419
37 82 419
465 84 417
36 83 419
466 84 418
35 82 419
467 83 418
34 83 418
468 83 419
33 84 417
469 82 419
32 84 418
470 83 419
31 83 419
471 84 417
30 82 419
472 84 418
29 82 419
473 84 418
28 84 418
474 83 418
27 83 419
475 84 417
26 82 419
476 82 419
25 84 417
477 84 417
24 82 419
478 82 419
23 84 418
479 84 417
22 83 418
480 83 418
21 84 418
481 83 418
20 84 417
482 84 417
19 84 417
483 84 417
18 83 419
484 83 418
17 82 419
485 84 418
16 84 418
486 82 419
15 84 418
487 83 418
14 84 417
488 83 419
13 84 417
489 83 419
12 84 417
490 84 417
11 84 417
491 84 418
10 83 418
492 83 419
9 84 418
493 84 418
8 83 418
494 83 419
7 83 418
495 84 418
6 83 418
496 83 419
5 83 419
497 83 419
4 84 417
498 84 417
3 83 419
499 84 417
2 83 419
500 82 419
1 84 418
251 82 83
251 419 422
252 418 422
249 418 418
250 82 83
250 419 421
252 83 83
248 418 419
249 79 83
249 419 421
251 79 81
252 82 82
253 79 83
253 419 419
248 79 83
250 80 81
252 77 81
253 420 422
255 418 418
247 83 83
247 419 420
248 420 420
250 422 422
251 423 424
254 420 420
255 82 83
255 419 420
247 82 82
248 421 422
249 422 422
250 76 79
250 423 427
251 77 78
252 423 425
254 77 81
254 421 425
244 418 420
246 81 82
246 420 420
247 78 81
247 421 424
249 423 427
251 425 426
253 423 426
255 80 81
255 421 421
256 81 82
256 420 420
244 79 83
245 420 421
246 421 421
248 423 423
249 77 78
251 73 76
253 76 78
255 422 425
256 421 425
257 79 82
257 420 420
258 419 419
259 418 419
245 78 81
246 76 80
246 422 424
248 76 78
248 424 424
251 427 428
252 72 76
252 426 427
255 76 79
256 77 80
257 421 425
258 79 82
258 420 424
259 79 83
243 420 424
244 421 425
245 422 424
248 425 427
249 76 76
250 72 75
259 420 424
260 419 419
240 418 419
241 419 421
242 78 82
242 420 421
243 80 81
247 77 77
247 425 426
249 72 75
250 428 429
251 429 433
252 428 432
253 72 75
253 427 431
254 72 76
254 426 427
260 79 82
260 420 420
261 79 83
261 419 422
240 81 83
241 80 82
246 425 429
247 73 76
248 71 75
249 428 428
251 71 72
255 426 427
257 78 78
260 421 425
262 419 419
239 419 420
240 420 423
242 422 425
243 77 79
244 77 78
245 76 77
245 425 427
247 427 430
248 428 428
249 429 432
250 430 434
254 428 429
255 72 75
256 73 76
256 426 427
257 73 77
258 74 78
262 79 82
262 420 424
238 419 421
239 82 82
241 422 425
246 73 75
248 429 433
250 69 71
251 68 70
252 71 71
255 428 428
257 426 429
258 425 426
259 77 78
263 81 82
263 420 421
264 82 83
264 419 422
238 79 82
239 77 81
239 421 424
240 77 80
241 78 79
243 425 426
244 74 76
244 426 429
245 75 75
249 68 71
252 66 70
253 70 71
254 430 432
255 429 431
256 428 428
259 425 426
260 78 78
261 423 427
265 419 422
235 418 422
237 420 423
242 74 77
243 75 76
245 70 74
245 428 431
247 68 72
251 434 436
252 433 434
253 432 433
254 71 71
256 429 433
258 427 428
259 72 76
260 73 77
261 74 78
263 77 80
263 422 423
264 78 81
265 81 82
266 419 422
235 80 83
236 420 422
237 77 81
238 422 424
240 424 425
241 75 77
242 426 430
243 427 428
246 69 72
246 430 434
247 431 433
248 67 70
249 433 437
250 68 68
251 65 67
253 67 69
254 70 70
255 70 71
256 69 72
259 427 430
260 426 427
262 78 78
266 78 82
267 419 422
236 77 81
241 426 426
243 71 74
244 71 73
250 67 67
250 435 439
252 435 435
253 434 438
254 66 69
254 433 435
255 432 435
257 68 72
257 430 431
258 71 73
258 429 432
262 76 77
262 425 429
263 424 426
264 423 427
265 77 80
267 79 82
234 420 424
238 77 78
239 425 425
240 76 76
240 426 430
241 427 430
243 429 433
244 430 431
248 434 438
249 63 67
250 65 66
251 437 438
252 436 438
255 66 69
260 428 429
265 423 426
268 81 82
268 420 422
269 82 83
269 419 419
270 418 419
233 80 82
233 420 423
234 78 81
236 423 425
237 424 428
238 425 429
239 76 76
239 426 429
240 72 75
241 74 74
242 69 73
245 432 436
247 434 434
251 64 64
252 65 65
253 66 66
257 432 433
261 428 432
262 74 75
263 74 76
264 77 77
266 423 425
269 420 421
270 83 83
230 418 421
231 419 423
232 420 423
235 78 79
235 423 425
238 76 76
239 71 75
241 72 73
244 67 70
244 432 436
245 65 69
246 66 68
247 63 67
247 435 439
248 63 66
250 62 64
251 62 63
251 439 441
252 61 64
253 64 65
254 436 440
256 68 68
256 434 437
258 68 70
259 67 71
259 431 435
260 68 72
260 430 434
261 72 73
263 427 427
264 74 76
267 423 424
268 76 80
269 81 81
270 78 82
270 420 423
230 80 83
231 79 82
232 81 81
237 75 76
238 72 75
242 431 435
243 69 70
246 435 439
249 438 438
252 439 443
254 64 65
255 436 437
256 64 67
257 434 435
258 433 437
262 73 73
263 428 429
265 74 76
266 75 77
267 77 78
268 423 426
269 78 80
269 422 424
271 78 82
271 420 422
272 79 83
272 419 421
228 418 422
229 81 83
229 419 421
232 76 80
233 79 79
235 75 77
236 72 76
236 426 429
241 69 71
241 431 434
249 439 443
250 440 441
251 61 61
253 63 63
253 439 443
255 64 65
257 66 67
261 71 71
262 72 72
262 430 431
263 71 73
264 428 432
265 427 430
266 426 426
267 425 427
273 419 419
228 81 83
233 75 78
233 424 424
234 73 77
234 425 428
235 426 427
237 73 74
239 430 432
240 71 71
240 431 434
243 64 68
243 434 434
246 62 65
248 439 443
249 62 62
250 61 61
251 60 60
251 442 445
253 60 62
254 63 63
255 438 442
257 436 439
258 65 67
261 68 70
262 67 71
263 430 434
264 70 73
266 427 427
267 72 76
273 79 82
273 420 422
274 419 423
230 422 425
232 424 428
233 425 428
237 429 430
238 430 430
240 69 70
242 65 68
243 435 438
244 65 66
245 437 440
248 62 62
249 57 61
250 58 60
250 442 444
251 55 59
252 56 60
254 62 62
255 61 63
256 438 439
257 63 65
261 433 435
262 432 436
265 69 73
266 70 74
266 428 428
269 73 77
269 425 429
270 424 426
271 423 425
272 422 423
274 79 82
226 419 420
227 81 82
227 420 421
229 76 80
229 422 425
230 75 79
231 75 78
231 424 425
235 74 74
235 428 431
237 69 72
238 67 71
238 431 431
239 69 70
241 67 68
244 437 438
245 63 64
247 62 62
247 440 440
248 58 61
254 59 61
254 441 445
256 59 63
259 65 66
259 436 437
260 66 67
260 435 437
263 70 70
266 429 429
267 428 432
268 72 75
268 427 428
270 75 77
275 81 82
275 420 421
276 419 421
226 82 82
228 79 80
235 72 73
236 430 430
237 431 435
238 432 436
239 433 435
240 67 68
241 435 435
242 436 436
244 62 64
246 440 442
247 59 61
247 441 443
252 444 446
253 55 59
256 440 443
258 60 64
258 438 441
261 65 67
263 69 69
265 431 431
266 430 432
271 77 77
272 77 78
272 424 427
273 423 427
276 82 82
225 420 424
226 79 81
226 421 424
227 78 80
227 422 425
228 423 427
251 83 418
250 82 419
252 83 419
249 84 418
253 84 417
248 84 418
254 84 418
247 83 418
255 84 417
246 83 419
256 83 418
245 83 418
257 84 417
244 83 418
258 83 419
243 84 417
259 82 419
242 84 417
260 83 418
241 82 419
261 83 419
240 82 419
262 83 418
239 83 418
263 84 418
238 83 419
264 84 418
237 84 418
265 84 417
236 84 418
266 83 418
235 84 417
267 84 417
234 84 418
268 84 418
233 84 417
269 82 419
232 84 417
270 82 419
231 82 419
271 83 419
230 83 419
272 83 419
229 84 417
273 84 418
228 83 418
274 84 417
227 84 417
275 83 418
226 83 419
276 84 418
225 84 417
277 82 419
224 83 419
278 82 419
223 83 418
279 82 419
222 84 417
280 82 419
221 82 419
281 83 419
220 84 418
282 82 419
219 83 419
283 82 419
218 83 419
284 84 417
217 83 419
285 83 419
216 84 417
286 82 419
215 83 419
287 83 419
214 83 419
288 84 418
213 84 418
289 84 417
212 84 418
290 83 418
211 82 419
291 84 418
210 84 417
292 83 418
209 83 418
293 82 419
208 84 418
294 83 418
207 84 417
295 82 419
206 84 418
296 82 419
205 83 418
297 82 419
204 84 418
298 83 419
203 84 418
299 82 419
202 83 419
300 84 418
201 82 419
301 83 419
200 84 418
302 83 418
199 82 419
303 82 419
198 84 417
304 84 417
197 84 418
305 83 418
196 82 419
306 84 417
195 84 417
307 84 417
194 83 418
308 84 417
193 84 418
309 84 418
192 83 418
310 84 418
191 84 417
311 84 417
190 83 418
312 82 419
189 84 418
313 84 417
188 83 418
314 83 418
187 84 418
315 84 418
186 84 418
316 84 417
185 84 418
317 83 418
184 84 417
318 84 417
183 84 418
319 84 417
182 83 419
320 82 419
181 82 419
321 82 419
180 82 419
322 83 418
179 84 418
323 82 419
178 83 418
324 82 419
177 84 417
325 84 418
176 84 417
326 84 417
175 84 418
327 84 417
174 82 419
328 82 419
173 84 417
329 83 418
172 83 418
330 82 419
171 84 417
331 83 419
170 82 419
332 84 418
169 83 418
333 84 418
168 82 419
334 84 417
167 82 419
335 82 419
166 82 419
336 84 417
165 83 419
337 83 419
164 83 418
338 84 417
163 83 418
339 84 418
162 84 418
340 82 419
161 83 418
341 83 418
160 82 419
342 84 417
159 82 419
343 84 418
158 84 417
344 84 418
157 84 417
345 82 419
156 84 417
346 84 417
155 82 419
347 83 418
154 84 418
348 84 418
153 83 419
349 84 417
152 84 418
350 82 419
151 82 419
351 83 418
150 84 417
352 84 417
149 84 417
353 82 419
148 83 418
354 84 417
147 84 418
355 83 419
146 82 419
356 83 419
145 83 418
357 84 418
144 84 418
358 84 418
143 83 418
359 84 418
142 83 419
360 83 418
141 83 418
361 83 419
140 82 419
362 84 418
139 83 418
363 84 417
138 83 418
364 83 419
137 83 419
365 84 417
136 83 418
366 83 418
135 83 418
367 82 419
134 83 418
368 82 419
133 82 419
369 84 418
132 84 418
370 84 417
131 84 417
371 83 419
130 84 417
372 83 418
129 82 419
373 83 419
128 82 419
374 83 419
127 84 418
375 82 419
126 83 418
376 83 419
125 82 419
377 84 418
124 82 419
378 83 418
123 83 419
379 83 419
122 84 417
380 84 418
121 83 419
381 82 419
120 84 418
382 83 418
119 82 419
383 84 417
118 82 419
384 84 417
117 83 418
385 84 417
116 83 418
386 83 418
115 83 419
387 82 419
114 84 418
388 82 419
113 83 419
389 84 417
112 82 419
390 82 419
111 84 418
391 83 419
110 83 419
392 83 419
109 84 418
393 82 419
108 84 417
394 84 417
107 83 419
395 83 418
106 83 419
396 83 419
105 83 419
397 82 419
104 84 418
398 83 418
103 84 417
399 84 417
102 82 419
400 83 418
101 83 418
401 84 418
100 84 418
402 83 419
99 84 418
403 83 418
98 82 419
404 84 418
97 84 417
405 84 418
96 84 417
406 84 418
95 82 419
407 84 417
94 82 419
408 83 419
93 84 417
409 84 418
92 84 417
410 83 419
91 84 417
411 83 419
90 84 418
412 82 419
89 84 417
413 82 419
88 83 419
414 83 418
87 84 418
415 83 419
86 82 419
416 82 419
85 82 419
417 83 418
84 83 418
418 83 418
83 82 419
419 84 418
82 83 419
420 84 418
81 83 418
421 84 418
80 84 417
422 82 419
79 84 418
423 84 418
78 83 418
424 84 418
77 83 419
425 82 419
76 84 418
426 84 417
75 83 418
427 84 417
74 82 419
428 82 419
73 82 419
429 83 419
72 84 418
430 84 418
71 83 419
431 83 418
70 83 418
432 82 419
69 82 419
433 82 419
68 83 418
434 84 418
67 83 418
435 83 418
66 83 418
436 83 418
65 83 419
437 82 419
64 84 418
438 84 417
63 84 418
439 84 417
62 83 419
440 84 418
61 82 419
441 83 418
60 84 418
442 83 419
59 83 418
443 83 419
58 84 417
444 83 419
57 84 418
445 84 418
56 84 418
446 84 418
55 82 419
447 83 419
54 84 417
448 84 417
53 83 418
449 83 418
52 84 418
450 83 418
51 83 418
451 84 418
50 82 419
452 84 417
49 84 417
453 83 418
48 83 418
454 83 419
47 83 418
455 84 418
46 82 419
456 83 419
45 84 417
457 84 418
44 83 419
458 82 419
43 84 418
459 83 419
42 83 418
460 82 419
41 84 417
461 82 419
40 84 417
462 84 418
39 82 419
463 84 417
38 84 418
464 82 419
37 84 417
465 84 417
36 84 418
466 83 418
35 84 418
467 84 417
34 83 418
468 83 419
33 82 419
469 83 418
32 83 418
470 84 418
31 84 417
471 83 419
30 84 418
472 84 417
29 84 418
473 82 419
28 82 419
474 83 418
27 84 417
475 83 419
26 84 418
476 83 418
25 82 419
477 84 418
24 83 419
478 82 419
23 82 419
479 82 419
22 83 419
480 82 419
21 82 419
481 84 418
20 83 419
482 83 418
19 84 418
483 83 418
18 83 419
484 83 418
17 82 419
485 84 417
16 84 417
486 82 419
15 83 419
487 84 418
14 84 418
488 84 417
13 83 418
489 83 418
12 83 418
490 83 418
11 84 418
491 84 418
10 82 419
492 83 418
9 83 418
493 82 419
8 84 418
494 84 418
7 82 419
495 84 418
6 83 418
496 84 417
5 83 418
497 83 418
4 84 417
498 84 417
3 83 418
499 83 419
2 83 418
500 83 419
1 84 417
251 419 421
251 82 82
253 418 418
249 83 83
249 419 420
250 420 422
251 78 81
252 78 82
252 420 422
253 81 83
253 419 421
248 80 83
248 419 423
249 81 82
250 81 81
251 422 425
254 83 83
254 419 423
255 418 422
247 419 420
249 421 424
250 78 80
254 81 82
255 80 83
247 78 82
249 79 80
250 423 423
252 423 425
253 79 80
253 422 425
256 419 423
257 418 418
245 419 422
246 78 82
246 420 421
247 421 423
250 424 426
251 76 77
254 77 80
256 81 82
257 80 83
257 419 421
243 418 422
244 419 423
245 79 82
248 78 79
249 78 78
250 74 77
251 426 428
252 73 77
253 76 78
242 418 419
243 80 83
244 79 82
246 422 423
248 424 426
249 76 77
249 425 426
251 71 75
252 426 430
254 424 425
255 79 79
255 423 423
256 78 80
258 82 82
258 420 421
242 79 83
247 424 428
248 73 77
250 427 431
253 426 426
255 76 78
255 424 425
257 422 423
258 77 81
259 420 421
260 419 421
242 420 424
245 423 423
246 424 424
247 74 77
249 71 75
249 427 430
251 429 433
253 71 75
253 427 431
254 75 76
254 426 426
256 424 426
257 76 79
258 422 424
259 78 81
260 79 82
241 420 422
245 78 78
245 424 427
246 77 77
246 425 426
248 427 431
250 69 73
254 427 429
255 426 427
256 74 77
257 424 427
259 422 424
261 78 82
261 420 420
262 419 419
239 419 422
240 420 422
241 79 81
243 75 79
243 423 424
244 78 78
244 424 427
245 77 77
246 72 76
252 68 72
254 72 74
255 74 75
260 422 424
261 421 422
262 81 82
262 420 421
263 83 83
263 419 423
239 81 82
240 81 81
244 75 77
245 73 76
246 427 428
251 70 70
252 431 435
255 428 430
256 427 430
258 425 427
263 81 82
264 83 83
264 419 423
265 418 420
237 81 83
237 419 420
238 81 82
238 420 420
240 79 80
241 423 427
242 78 78
243 425 427
247 73 73
247 429 429
248 72 72
249 431 434
250 432 433
251 68 69
254 430 431
255 71 73
257 75 75
258 74 76
259 73 77
259 425 428
260 78 78
261 423 426
262 80 80
262 422 424
264 80 82
265 80 83
235 418 419
236 83 83
236 419 420
238 421 421
239 78 80
240 423 426
241 75 78
242 74 77
242 425 426
245 428 429
246 429 433
247 69 72
247 430 430
248 71 71
249 67 70
251 434 434
253 70 70
253 432 434
254 70 71
256 72 73
257 73 74
257 428 432
260 77 77
260 425 425
262 75 79
263 77 80
266 419 419
267 418 422
235 83 83
236 80 82
237 421 425
238 79 80
238 422 422
239 423 423
240 75 78
244 72 74
244 428 429
247 431 434
248 67 70
248 432 436
250 67 68
250 434 438
251 65 67
251 435 436
253 68 69
254 432 435
255 431 432
258 428 429
260 76 76
260 426 430
261 73 77
265 421 422
266 82 82
266 420 420
267 80 83
233 418 419
234 80 83
234 419 420
235 82 82
235 420 420
236 421 424
237 78 80
238 423 426
239 424 427
242 427 431
243 71 74
243 428 431
245 70 72
245 430 431
246 70 71
252 66 67
254 67 69
255 68 70
256 67 71
256 431 431
257 68 72
258 71 73
260 72 75
262 425 425
263 424 428
264 75 79
266 81 81
266 421 423
268 83 83
268 419 421
232 418 420
233 82 83
235 81 81
235 421 424
238 74 78
239 75 77
244 430 434
249 435 438
250 66 66
251 437 441
252 436 438
253 64 67
253 435 437
255 433 433
256 432 433
258 430 430
259 429 430
261 427 427
262 426 429
264 424 426
265 79 79
265 423 425
266 79 80
268 79 82
232 79 83
233 420 420
234 421 425
235 79 80
236 75 79
240 427 431
241 71 74
241 428 430
242 70 73
244 71 71
245 432 432
246 65 69
247 66 68
249 62 66
250 63 65
251 60 64
252 61 65
255 434 438
258 431 433
259 69 72
261 428 429
263 73 76
265 77 78
269 420 420
233 81 81
233 421 425
237 73 77
240 74 74
244 67 70
245 68 69
245 433 433
246 434 436
247 435 438
248 66 66
254 62 66
254 436 439
255 66 67
256 434 438
257 433 433
258 66 70
259 431 431
262 72 74
266 75 78
266 424 428
267 77 79
267 423 425
268 422 426
269 78 81
269 421 425
270 420 421
229 418 421
231 420 420
232 421 423
233 76 80
234 77 79
235 76 78
236 425 428
237 426 428
238 427 427
239 71 74
239 428 428
240 73 73
243 69 70
243 432 435
245 434 436
248 63 65
248 437 438
250 439 443
252 439 440
253 438 441
257 434 434
259 432 435
260 70 71
260 431 432
261 69 72
261 430 430
264 427 430
265 74 76
265 426 426
270 77 81
271 82 82
271 420 423
229 81 83
230 78 82
230 420 423
231 77 81
231 421 425
235 425 428
238 428 431
239 429 433
240 70 72
241 431 434
242 432 433
245 64 67
247 61 65
249 439 440
250 60 62
253 61 63
255 65 65
256 66 66
257 66 67
257 435 437
258 434 438
261 431 435
262 430 430
263 429 431
264 70 74
265 427 428
268 77 78
270 422 426
271 81 81
272 79 82
272 420 422
273 81 83
273 419 419
274 418 420
227 418 422
228 419 423
238 72 73
241 68 70
242 66 69
243 65 68
244 435 438
246 437 438
248 439 442
251 442 444
252 441 443
255 64 64
256 61 65
259 64 68
260 69 69
260 433 435
262 69 71
262 431 432
263 71 72
267 74 76
267 426 426
271 78 80
273 420 420
274 82 83
227 80 83
228 81 82
232 76 78
232 424 427
234 76 76
234 426 428
235 75 75
236 70 74
237 429 430
240 432 433
242 434 438
244 65 66
245 437 438
246 62 64
247 439 441
248 58 62
249 60 61
249 441 443
251 55 59
252 60 60
254 440 441
255 61 63
255 439 439
257 62 65
260 65 68
265 70 73
265 429 432
266 70 74
267 427 430
268 73 76
269 75 77
273 421 422
275 419 420
225 418 419
229 79 80
229 422 424
233 426 429
234 73 75
235 73 74
236 429 430
237 72 72
238 71 71
239 68 70
240 67 69
243 436 440
246 439 441
250 58 59
252 59 59
253 56 60
253 442 445
254 58 61
255 440 440
256 439 441
257 438 438
258 64 65
259 436 438
261 65 68
262 433 434
263 69 70
263 432 433
264 431 432
266 429 430
268 427 427
269 426 429
271 424 426
272 423 424
273 78 80
274 78 81
274 421 421
275 82 82
276 79 83
276 419 420
225 80 83
226 78 82
226 420 420
228 78 80
230 424 427
233 72 75
235 429 429
237 69 71
237 431 434
238 67 70
238 432 436
240 434 434
241 64 67
251 99 402
250 214 287
252 8 494
249 150 351
253 59 443
248 29 472
254 49 453
247 239 262
255 80 422
246 54 447
256 155 347
245 98 403
257 8 493
244 42 460
258 90 412
243 79 422
259 28 474
242 3 498
260 19 483
241 138 364
261 247 255
240 34 468
262 62 439
239 63 439
263 142 360
238 121 381
264 118 383
237 59 443
265 186 315
236 145 357
266 54 447
235 35 467
267 235 266
234 62 440
268 184 317
233 43 459
269 218 284
232 109 392
270 158 343
231 47 455
271 163 338
230 189 312
272 21 481
229 48 454
273 107 394
228 110 391
274 3 498
227 134 367
261 225 246
275 21 480
226 21 480
276 113 389
225 55 447
277 210 292
224 175 326
278 73 429
223 207 295
279 43 459
222 131 370
280 142 359
221 63 438
281 185 316
220 53 449
282 48 454
219 123 378
283 113 388
261 256 323
218 90 412
247 263 320
284 124 377
217 13 489
285 11 490
216 63 439
286 33 468
215 186 316
287 169 332
214 20 482
288 189 313
213 180 322
289 9 492
212 86 415
290 77 424
211 122 380
291 141 361
210 36 465
292 46 456
247 163 238
209 119 383
293 215 286
208 221 281
294 10 491
207 28 474
295 32 470
206 63 439
296 202 300
205 154 347
297 176 326
204 45 457
298 120 381
203 24 478
299 45 456
202 9 492
300 35 467
201 107 394
301 169 333
200 97 405
302 153 349
199 188 313
303 34 467
198 82 420
304 73 428
197 120 381
305 159 343
196 195 307
306 137 365
195 71 431
307 117 385
267 267 316
194 189 312
267 148 234
308 196 306
193 76 426
309 112 390
261 177 224
192 138 364
310 190 312
191 7 494
311 190 312
250 288 322
190 127 374
250 137 213
312 28 473
189 12 489
313 124 378
188 12 490
314 181 321
187 220 282
315 164 337
186 118 383
316 3 498
185 122 379
317 68 434
269 216 217
184 157 345
318 138 363
183 136 365
319 104 398
182 4 497
269 285 310
320 169 332
181 88 413
321 183 318
269 203 215
180 199 302
322 36 465
179 8 493
323 138 363
178 43 459
324 197 304
177 121 380
325 46 455
176 36 466
326 25 476
175 58 443
327 159 342
174 37 465
269 178 202
328 128 373
173 77 425
277 173 209
329 8 494
172 75 426
330 50 452
171 7 495
277 293 331
331 64 437
170 19 482
332 212 290
169 68 434
333 7 495
168 130 371
334 32 469
167 66 435
335 124 378
223 167 206
166 102 400
336 132 370
165 118 383
337 21 481
164 205 296
338 116 386
163 67 435
223 296 316
339 17 484
162 1 501
340 149 353
161 53 448
341 116 386
160 26 475
342 6 495
159 98 404
343 160 341
158 81 420
344 23 478
157 43 458
345 62 440
156 87 414
346 62 439
155 150 352
347 31 470
154 195 306
348 29 473
153 63 439
349 138 364
152 152 349
350 170 331
151 116 386
351 160 341
150 165 337
352 136 365
149 114 387
353 156 345
148 79 423
354 104 397
147 173 328
250 323 412
355 129 372
146 103 399
356 71 430
145 155 347
357 109 393
144 45 457
208 101 220
208 282 405
358 68 434
247 321 354
143 127 374
359 31 470
142 46 456
360 26 475
269 311 435
141 117 384
361 55 447
140 128 374
362 4 498
139 83 418
363 47 454
138 119 382
364 119 382
137 88 414
365 131 370
293 287 322
265 316 330
136 86 415
293 140 214
366 166 335
135 42 460
367 92 410
134 18 484
368 113 389
133 123 379
369 126 375
132 157 344
370 63 438
265 67 185
131 101 400
371 47 455
130 68 433
372 8 493
267 317 380
230 313 373
129 73 428
373 85 416
128 152 350
261 324 424
230 118 188
268 318 351
374 124 377
261 97 176
127 103 399
268 105 183
375 92 410
269 100 177
126 81 420
376 178 324
125 175 326
377 123 378
124 96 406
378 143 358
123 141 361
247 76 162
379 15 486
122 143 358
223 317 336
380 78 423
265 331 411
296 136 201
121 125 377
381 155 346
120 103 399
296 301 363
382 125 376
119 176 326
383 54 447
118 26 476
384 2 499
117 146 355
385 136 365
116 126 375
386 107 395
115 115 386
187 145 219
187 283 389
387 77 425
114 44 457
388 1 500
113 128 373
281 317 484
281 129 184
389 20 481
288 55 188
288 314 455
112 162 339
215 90 185
390 47 454
215 317 339
111 163 338
391 142 360
256 134 154
110 68 434
256 348 361
224 327 409
392 69 433
109 169 332
393 140 361
249 352 411
108 171 330
394 36 466
107 107 395
224 19 174
395 142 360
106 98 403
396 136 365
249 79 149
105 51 450
397 57 445
104 93 408
398 56 446
103 100 402
399 66 436
102 76 426
400 33 468
101 122 379
277 145 172
277 332 361
401 45 456
100 103 399
402 25 476
247 355 483
99 93 409
271 339 402
271 20 162
213 34 179
403 37 464
213 323 374
98 68 434
404 135 367
97 22 480
405 103 399
196 175 194
196 308 420
96 121 381
270 344 414
223 79 166
406 86 416
95 16 485
407 13 488
94 55 446
408 72 430
270 135 157
93 120 381
409 23 478
92 22 480
410 119 383
91 137 365
411 134 367
308 21 195
308 307 330
90 35 466
412 99 402
223 337 422
89 4 498
413 155 346
88 136 366
293 323 489
414 130 372
87 79 422
415 52 450
86 28 474
199 314 452
199 24 187
250 79 136
268 352 496
416 134 367
85 55 446
417 14 488
84 27 475
256 362 474
287 333 443
418 98 403
194 313 447
287 51 168
194 183 188
83 82 420
419 60 442
82 134 367
267 76 147
420 100 402
310 187 189
310 313 314
81 75 426
421 83 418
80 130 371
332 170 211
422 95 406
79 47 454
332 291 321
297 22 175
423 99 403
78 13 489
236 107 144
424 144 357
77 111 391
311 8 189
425 28 474
297 327 497
76 50 451
426 54 447
236 358 386
263 130 141
75 29 473
311 313 476
427 63 438
74 26 476
263 361 361
428 123 379
73 36 465
429 92 410
72 98 403
180 303 481
430 91 410
310 315 470
256 121 133
71 98 404
180 1 198
263 362 431
431 145 357
70 14 488
432 16 486
69 120 382
433 26 475
241 131 137
68 13 488
434 13 488
67 33 468
310 20 186
215 340 485
435 83 418
66 98 403
436 41 461
241 365 457
65 3 499
194 100 182
437 17 485
324 305 496
64 86 416
438 16 486
324 77 196
196 27 174
63 114 388
241 87 130
439 144 357
62 36 466
440 100 402
164 297 315
61 64 437
441 65 437
60 12 490
442 78 424
59 80 421
443 8 494
58 104 398
277 51 144
444 147 354
301 153 168
301 334 361
57 64 437
164 44 204
445 69 432
56 38 463
446 88 414
55 150 351
447 41 461
54 46 455
314 12 180
263 19 129
448 8 493
53 58 443
449 13 489
314 322 453
52 48 453
256 101 120
270 44 134
450 84 418
51 90 411
451 73 429
50 24 477
452 31 470
277 362 441
49 102 400
453 111 390
308 331 395
48 81 420
454 64 437
47 115 386
455 74 428
46 51 451
456 55 446
45 121 381
280 360 368
321 319 380
280 56 141
457 22 479
44 10 491
458 131 371
43 65 436
459 82 419
42 139 363
460 123 378
41 95 407
321 80 182
315 338 498
227 368 445
461 31 470
40 131 371
462 51 450
39 104 398
154 307 500
463 82 419
38 64 437
464 5 496
37 69 432
164 316 500
227 58 133
465 10 492
36 23 478
466 36 465
205 348 475
205 62 153
154 6 194
305 22 158
305 344 496
230 374 394
238 28 120
35 61 440
467 121 381
34 146 355
468 143 358
33 135 366
469 18 483
32 114 388
238 382 461
470 65 436
31 75 426
264 384 401
267 381 491
471 126 375
30 95 407
472 99 402
29 84 417
473 35 466
264 77 117
28 153 348
280 369 483
222 371 486
332 322 498
474 93 409
27 105 396
475 99 402
320 333 486
26 138 363
476 158 343
301 100 152
25 128 373
222 107 130
477 35 466
24 125 377
478 134 367
302 6 152
23 136 365
479 29 473
320 2 168
22 97 405
480 94 408
302 350 366
21 88 413
147 329 499
481 118 384
20 59 442
482 141 361
19 78 423
236 387 447
291 134 140
483 108 394
18 164 338
291 362 483
484 147 355
17 133 369
315 5 163
485 122 379
293 3 139
16 59 443
486 29 472
15 157 345
487 63 438
14 145 357
281 10 128
488 64 437
13 155 346
251 403 413
230 16 117
296 364 498
489 163 339
12 46 455
490 154 348
11 154 347
491 10 491
10 68 433
492 148 353
9 69 432
251 14 98
493 103 399
8 39 462
256 10 100
291 52 133
494 79 423
7 22 480
495 106 395
6 88 414
496 69 432
245 404 449
5 20 482
497 4 497
4 134 368
184 7 156
498 67 434
3 27 474
219 379 393
499 7 494
2 59 443
236 82 106
245 10 97
500 118 383
1 27 475
501 129 372
-1
184 346 486
-1
284 378 447
219 31 122
232 393 471
-1
-1
-1
-1
-1
-1
-1
284 121 123
332 6 169
-1
-1
-1
-1
296 107 135
301 362 382
-1
-1
213 375 409
-1
-1
-1
-1
284 5 120
-1
-1
232 34 108
-1
-1
327 343 486
-1
249 412 422
250 413 456
-1
-1
-1
251 414 490
228 392 487
-1
-1
264 402 407
268 83 104
302 367 485
-1
-1
-1
327 15 158
-1
-1
-1
-1
-1
-1
-1
-1
-1
276 58 112
350 332 478
306 15 136
-1
276 390 426
-1
-1
-1
-1
228 108 109
-1
230 395 430
-1
-1
-1
-1
-1
-1
-1
-1
211 4 121
211 381 495
-1
-1
261 58 96
-1
-1
-1
-1
273 395 401
-1
-1
-1
-1
228 1 107
-1
-1
273 3 106
258 83 89
-1
283 389 493
-1
-1
-1
376 3 177
258 413 487
264 408 450
-1
-1
-1
-1
350 7 169
-1
269 78 99
-1
-1
306 366 368
187 79 144
-1
-1
283 41 112
-1
-1
-1
-1
271 403 448
147 21 172
-1
-1
-1
-1
-1
-1
-1
-1
-1
-1
-1
-1
192 107 137
-1
192 365 455
-1
-1
-1
-1
273 402 424
-1
-1
-1
-1
-1
306 369 495
209 5 118
-1
-1
343 342 501
222 34 106
-1
-1
-1
343 20 159
249 423 468
-1
250 29 78
-1
-1
-1
-1
209 384 480
-1
-1
-1
-1
219 394 452
-1
241 14 86
-1
-1
-1
-1
-1
-1
-1
-1
-1
249 2 78
298 382 472
150 13 164
-1
-1
-1
-1
-1
-1
-1
-1
265 412 425
-1
-1
-1
255 41 79
255 423 492
258 47 82
-1
-1
-1
298 13 119
-1
-1
-1
-1
243 423 466
-1
-1
-1
-1
-1
-1
-1
-1
-1
247 3 75
318 364 472
-1
-1
-1
243 27 78
-1
-1
-1
318 94 137
-1
-1
301 383 461
-1
-1
150 338 490
-1
-1
183 366 489
-1
-1
376 325 492
-1
-1
-1
-1
-1
-1
-1
270 415 448
125 327 497
183 74 135
351 342 484
-1
-1
-1
-1
-1
-1
261 425 455
-1
190 375 435
197 382 399
-1
125 5 174
-1
-1
-1
-1
-1
351 4 159
-1
-1
-1
-1
-1
-1
119 3 175
-1
-1
-1
-1
-1
323 364 457
236 30 81
-1
-1
366 336 492
-1
190 104 126
-1
197 10 119
-1
-1
340 2 148
-1
-1
-1
-1
-1
340 354 500
-1
-1
323 19 137
-1
-1
-1
313 9 123
-1
224 410 468
268 45 82
119 327 496
-1
264 54 76
265 426 435
296 7 106
-1
-1
-1
-1
313 379 447
-1
-1
-1
-1
-1
353 346 488
-1
-1
-1
-1
307 2 116
