100 101
8 36 98 54 36 32 92 57 31 28 77 41 51 93 50 22 15 91 80 78 17 85 69 32 67 67 78 5 36 47 66 44 82 29 63 17 60 19 39 56 47 81 96 97 72 44 84 52 101 63 28 16 12 97 13 45 62 57 15 64 2 46 73 84 74 34 66 99 53 3 54 65 83 14 60 20 24 9 71 23 71 99 4 48 60 83 58 87 38 72 49 40 17 87 22 56 20 87 54 38
100 11
1 1 1 1 1 1 1 1 1 1 1 1 1 1 1 1 1 1 1 1 1 1 1 1 1 1 1 1 1 1 1 1 1 1 1 1 1 1 1 1 1 1 1 1 1 1 1 1 1 1 1 1 1 1 1 1 1 1 1 1 1 1 1 1 1 1 1 1 1 1 1 1 1 1 1 1 1 1 1 1 1 1 1 1 1 1 1 1 1 1 1 1 1 1 1 1 1 1 1 1
100 49
9 43 22 40 18 12 5 48 23 37 20 46 45 41 8 37 14 8 38 21 45 46 38 31 35 5 23 33 14 34 31 22 27 4 18 1 15 27 48 42 15 24 43 15 15 1 2 33 14 45 4 9 46 41 39 32 2 18 15 15 7 2 42 39 5 10 39 24 36 42 22 1 16 15 16 35 21 22 19 39 22 22 47 19 19 41 1 20 14 20 39 21 21 31 10 25 40 4 5 27
100 77
47 53 61 66 3 4 7 11 13 24 37 77 19 20 16 65 67 70 6 73 45 5 16 67 54 67 71 57 8 11 67 52 62 48 38 64 49 45 72 62 66 32 59 6 49 74 70 39 64 75 34 29 1 47 18 54 34 10 32 41 20 19 13 2 66 51 64 35 16 58 19 4 10 75 7 59 71 76 20 57 72 51 7 70 18 24 44 52 33 75 13 51 16 26 52 2 74 38 37 12
100 33
33 31 31 29 29 27 27 25 25 23 23 21 21 19 19 17 17 15 15 13 13 11 11 9 9 7 7 5 5 3 3 1 1 1 2 3 2 3 2 3 2 4 3 4 1 2 1 1 1 4 1 2 5 5 3 1 5 5 3 1 5 3 2 1 5 1 1 3 3 4 1 1 4 3 4 5 2 1 2 2 2 2 3 1 2 2 3 3 2 2 3 3 1 2 1 2 2 1 5 1
