50 23
3 19 13 12 2 8 11 3 15 8 20 14 5 4 21 10 17 1 4 15 18 20 17 14 3 2 15 10 5 13 18 2 8 7 13 9 8 1 6 16 2 19 6 6 22 4 10 15 4 7
50 25
22 14 23 16 20 22 19 19 12 13 13 19 23 22 20 15 9 11 16 9 23 6 16 18 2 11 14 16 1 16 24 22 4 22 13 23 20 8 18 6 20 7 1 20 4 20 9 12 7 24
50 7
1 1 1 1 1 1 1 1 1 1 1 1 1 1 1 1 1 1 1 1 1 1 1 1 1 1 1 1 1 1 1 1 1 1 1 1 1 1 1 1 1 1 1 1 1 1 1 1 1 1
50 15
9 1 7 9 2 4 14 7 9 10 1 6 10 9 15 5 8 7 9 5 13 1 5 2 14 6 7 2 9 10 3 10 3 1 10 4 4 8 11 13 9 11 10 4 11 9 15 3 7 8
50 25
25 23 23 21 21 19 19 17 17 15 15 13 13 11 11 9 9 7 7 5 5 3 3 1 1 2 4 3 3 3 3 5 4 4 3 1 3 2 3 3 1 1 4 1 3 1 4 3 5 4
