12 11 13
11 3 21
13 6 18
10 6 17
12 9 10
14 8 15
9 7 17
12 14 16
15 5 19
8 8 15
16 2 21
7 5 18
12 4 8
17 10 13
6 2 22
18 7 16
5 4 20
12 17 17
12 18 21
19 5 19
4 3 20
20 2 21
3 4 20
21 5 18
14 16 18
14 6 7
2 5 19
17 14 23
8 16 20
22 6 18
1 3 20
10 18 19
17 2 9
8 1 7
23 6 18
-1
-1
13 5 5
9 1 6
-1
13 19 20
-1
9 18 23
18 17 22
-1
10 2 5
-1
-1
13 1 4
-1
13 2 23
12 6 19
14 2 24
11 5 20
15 3 22
10 2 23
16 4 22
9 4 22
17 7 18
8 7 19
18 7 19
7 4 22
19 2 24
6 2 23
20 3 22
5 6 20
21 9 17
4 8 18
22 5 20
3 9 17
23 2 24
12 20 25
2 5 20
24 4 21
12 4 5
1 8 18
25 6 19
-1
11 21 21
-1
-1
-1
17 19 22
-1
-1
-1
-1
21 1 8
-1
17 1 6
-1
21 18 24
11 4 4
-1
11 22 25
-1
-1
-1
3 2 8
-1
4 4 4
3 4 4
4 3 3
4 5 5
5 4 4
2 4 4
3 3 3
3 5 5
4 2 2
4 6 6
5 3 3
5 5 5
6 4 4
1 4 4
2 3 3
2 5 5
3 2 2
3 6 6
4 1 1
4 7 7
5 2 2
5 6 6
6 3 3
6 5 5
7 4 4
1 3 3
1 5 5
2 2 2
2 6 6
3 1 1
3 7 7
5 1 1
5 7 7
6 2 2
6 6 6
7 3 3
7 5 5
1 2 2
1 6 6
2 1 1
2 7 7
6 1 1
6 7 7
7 2 2
7 6 6
1 1 1
1 7 7
7 1 1
7 7 7
-1
8 4 12
7 8 8
9 5 11
6 4 12
7 6 7
10 6 9
5 1 14
11 5 11
4 4 12
12 3 12
7 9 9
7 10 15
3 3 12
13 4 12
2 1 15
7 1 5
14 4 11
1 5 11
15 4 12
10 10 14
-1
8 3 3
10 1 5
8 13 14
-1
-1
-1
9 3 4
-1
-1
9 12 14
-1
6 1 3
8 2 2
-1
11 1 4
11 12 15
-1
-1
-1
-1
-1
-1
14 12 15
-1
-1
-1
6 13 15
-1
-1
13 1 25
12 2 24
14 2 24
11 3 23
15 3 23
10 4 22
16 4 22
9 5 21
17 5 21
8 6 20
18 6 20
7 7 19
19 7 19
6 8 18
20 8 18
5 9 17
21 9 17
4 10 16
22 10 16
3 11 15
23 11 15
2 12 14
24 12 14
1 13 13
25 13 13
1 11 12
1 14 17
2 9 11
2 15 17
3 8 10
3 16 18
4 5 9
4 17 20
5 5 8
5 18 20
6 7 7
6 19 21
7 5 6
7 20 22
8 3 5
8 21 21
9 4 4
9 22 25
10 3 3
10 23 25
11 2 2
17 1 4
16 1 3
18 1 5
17 22 25
